3.4332275390625e-05
7.987022399902344e-05
0.00010991096496582031
0.00012540817260742188
0.00016832351684570312
0.00019359588623046875
0.00025844573974609375
0.0003306865692138672
0.0002739429473876953
0.0003266334533691406
0.00036144256591796875
0.0003871917724609375
0.00039505958557128906
0.00043702125549316406
0.00047397613525390625
0.0004990100860595703
0.0005738735198974609
0.00054931640625
0.0005879402160644531
0.0006246566772460938
0.0007207393646240234
0.0009458065032958984
0.0008428096771240234
0.000934600830078125
0.0008378028869628906
0.0009734630584716797
0.0009136199951171875
0.0010209083557128906
0.0011057853698730469
0.0010027885437011719
0.001129150390625
0.0012128353118896484
0.0011136531829833984
0.0018131732940673828
0.0011653900146484375
0.0012428760528564453
0.0017611980438232422
0.0013816356658935547
0.001302957534790039
0.0015041828155517578
0.0015232563018798828
0.0014796257019042969
0.0014531612396240234
0.0014328956604003906
0.0015895366668701172
0.0016262531280517578
0.0015139579772949219
0.002353668212890625
0.0016231536865234375
0.0023009777069091797
0.0026085376739501953
0.0017561912536621094
0.0019578933715820312
0.0017673969268798828
0.0017843246459960938
0.0019335746765136719
0.0018796920776367188
0.0020139217376708984
0.002544403076171875
0.0020132064819335938
0.0021257400512695312
0.00231170654296875
0.0019350051879882812
0.003308534622192383
0.0020852088928222656
0.00225830078125
0.0022766590118408203
0.0021686553955078125
0.0024178028106689453
0.002502918243408203
0.004163980484008789
0.002256155014038086
0.0030488967895507812
0.003064870834350586
0.002611875534057617
0.0024063587188720703
0.00333404541015625
0.0031621456146240234
0.0031821727752685547
0.0036911964416503906
0.0025517940521240234
0.0029447078704833984
0.0053997039794921875
0.0026328563690185547
0.002695798873901367
0.0035369396209716797
0.0033631324768066406
0.0038776397705078125
0.0029289722442626953
0.0033464431762695312
0.0033025741577148438
0.0029222965240478516
0.003168344497680664
0.00490260124206543
0.02078700065612793
0.005096435546875
0.004390239715576172
0.003544330596923828
0.0037658214569091797
0.003406524658203125
0.0033714771270751953
0.0031919479370117188
0.004939079284667969
0.0033512115478515625
0.0032863616943359375
0.004893302917480469
0.003328084945678711
0.0033528804779052734
0.0033948421478271484
0.0036001205444335938
0.004044055938720703
0.003971099853515625
0.0035076141357421875
0.005484580993652344
0.00658869743347168
0.0047512054443359375
0.003945112228393555
0.004619598388671875
0.005365848541259766
0.004652261734008789
0.0046367645263671875
0.007329463958740234
0.009796619415283203
0.0069866180419921875
0.00519561767578125
0.00714874267578125
0.004863262176513672
0.005443096160888672
0.005212068557739258
0.00399470329284668
0.004612445831298828
0.0049893856048583984
0.004573345184326172
0.004647493362426758
0.005209684371948242
0.004779338836669922
0.0052530765533447266
0.005983114242553711
0.005974292755126953
0.004914999008178711
0.007911920547485352
0.005397796630859375
0.005308866500854492
0.005123138427734375
0.007856369018554688
0.006273031234741211
0.007051706314086914
0.010686635971069336
0.006541252136230469
0.005881071090698242
0.005827665328979492
0.006502628326416016
0.005262136459350586
0.0056688785552978516
0.0059299468994140625
0.005898475646972656
0.006335258483886719
0.005750417709350586
0.008128643035888672
0.0059719085693359375
0.0054285526275634766
0.0057637691497802734
0.006017923355102539
0.006512880325317383
0.007177114486694336
0.010770797729492188
0.017571449279785156
0.017705678939819336
0.014412879943847656
0.013737916946411133
0.007662534713745117
0.016448497772216797
0.015180349349975586
0.00812220573425293
0.007185935974121094
0.007572174072265625
0.005480766296386719
0.008620023727416992
0.006798744201660156
0.008879661560058594
0.00892496109008789
0.007952690124511719
0.00569605827331543
0.0078089237213134766
0.0068781375885009766
0.008769512176513672
0.006839752197265625
0.010040521621704102
0.008873462677001953
0.012053728103637695
0.01693558692932129
0.010360956192016602
0.015280723571777344
0.009910345077514648
0.009718894958496094
0.011363029479980469
0.011314630508422852
0.010707855224609375
0.008222103118896484
0.010762929916381836
0.009523630142211914
0.010603904724121094
0.011179685592651367
0.011605262756347656
0.010518074035644531
0.008364439010620117
0.009009361267089844
0.009664535522460938
0.011731863021850586
0.012599468231201172
0.017061471939086914
0.01106882095336914
0.008909225463867188
0.009757280349731445
0.007966041564941406
0.007116794586181641
0.009875297546386719
0.00841212272644043
0.008844614028930664
0.009790420532226562
0.008420467376708984
0.009095430374145508
0.011196613311767578
0.00905156135559082
0.013007402420043945
0.007918834686279297
0.009315013885498047
0.009604215621948242
0.009610414505004883
0.008521318435668945
0.00994563102722168
0.009027481079101562
0.013366460800170898
0.012082815170288086
0.00887751579284668
0.011813640594482422
0.010130643844604492
0.009331464767456055
0.010601520538330078
0.01028132438659668
0.009257078170776367
0.008597135543823242
0.010038614273071289
0.010514259338378906
0.009082555770874023
0.010044574737548828
0.009841203689575195
0.010121583938598633
0.011013507843017578
0.009533882141113281
0.016793012619018555
0.013239622116088867
0.017299652099609375
0.013087034225463867
0.014988422393798828
0.009466171264648438
0.012450933456420898
0.009883642196655273
0.011126518249511719
0.01156473159790039
0.012043476104736328
0.014590263366699219
0.014069318771362305
0.017737150192260742
0.016067981719970703
0.017271041870117188
0.014670372009277344
0.02347540855407715
0.01622748374938965
0.01245427131652832
0.019749879837036133
0.014673948287963867
0.009031057357788086
0.011766910552978516
0.011124610900878906
0.011195898056030273
0.0115509033203125
0.013768196105957031
0.010445833206176758
0.011223077774047852
0.01211690902709961
0.011204719543457031
0.009943485260009766
0.011575698852539062
0.010913848876953125
0.010179758071899414
0.014261245727539062
0.014996528625488281
0.022467613220214844
0.015411853790283203
0.013587236404418945
0.014553308486938477
0.012755155563354492
0.012024402618408203
0.014334917068481445
0.012898683547973633
0.015612363815307617
0.015706539154052734
0.01566791534423828
0.019572973251342773
0.016082286834716797
0.015398263931274414
0.012900352478027344
0.022964000701904297
0.020543813705444336
0.011350631713867188
0.012279748916625977
0.012444019317626953
0.012502193450927734
0.015756607055664062
0.012982845306396484
0.012976408004760742
0.012554168701171875
0.012035369873046875
0.013803243637084961
0.013229608535766602
0.013126373291015625
0.012273311614990234
0.012458562850952148
0.014854907989501953
0.015565156936645508
0.015536308288574219
0.01575779914855957
0.012655258178710938
0.018058300018310547
0.013763189315795898
0.013910770416259766
0.013542413711547852
0.016425609588623047
0.015481233596801758
0.013993978500366211
0.011833906173706055
0.014294147491455078
0.013143539428710938
0.013078927993774414
0.01358342170715332
0.019838333129882812
0.025420665740966797
0.021534442901611328
0.013389825820922852
0.013197183609008789
0.01417684555053711
0.017941713333129883
0.01120615005493164
0.013350486755371094
0.019069433212280273
0.019446134567260742
0.0163421630859375
0.016134262084960938
0.01667642593383789
0.02266526222229004
0.020158767700195312
0.025478601455688477
0.017403841018676758
0.0157623291015625
0.02167677879333496
0.014261960983276367
0.01598525047302246
0.01470637321472168
0.015065431594848633
0.013428449630737305
0.015063047409057617
0.014507532119750977
0.015324831008911133
0.01427149772644043
0.01876997947692871
0.02045440673828125
0.023497819900512695
0.016161441802978516
0.02000904083251953
0.016866445541381836
0.018340110778808594
0.01482534408569336
0.014344215393066406
0.015217781066894531
0.01585841178894043
0.01853036880493164
0.018300533294677734
0.016189098358154297
0.01975274085998535
0.030746936798095703
0.02383708953857422
0.03098154067993164
0.02117156982421875
0.01878643035888672
0.01568889617919922
0.016071557998657227
0.020309925079345703
0.016139984130859375
0.016158342361450195
0.015501737594604492
0.015593767166137695
0.01632833480834961
0.01524209976196289
0.019344806671142578
0.01592850685119629
0.021286964416503906
0.0177614688873291
0.016750097274780273
0.016699790954589844
0.014437437057495117
0.019319534301757812
0.01677846908569336
0.01686692237854004
0.016862154006958008
0.01687455177307129
0.017668962478637695
0.015000343322753906
0.01960897445678711
0.015974760055541992
0.018555402755737305
0.015927791595458984
0.02696061134338379
0.020304441452026367
0.017992019653320312
0.020213603973388672
0.016518354415893555
0.015394926071166992
0.01737236976623535
0.016254901885986328
0.0163118839263916
0.017037153244018555
0.023607969284057617
0.017861127853393555
0.023094654083251953
0.024356603622436523
0.018145322799682617
0.016118526458740234
0.01628875732421875
0.018439292907714844
0.01631307601928711
0.01836085319519043
0.017083168029785156
0.019505977630615234
0.02093648910522461
0.016469478607177734
0.02755594253540039
0.024319171905517578
0.01886773109436035
0.020675182342529297
0.017159223556518555
0.018355846405029297
0.025302886962890625
0.01704716682434082
0.018519878387451172
0.01594710350036621
0.01874089241027832
0.017096519470214844
0.016997575759887695
0.02706432342529297
0.016625404357910156
0.03209996223449707
0.025569438934326172
0.018822908401489258
0.02089214324951172
0.02419900894165039
0.019022226333618164
0.018672704696655273
0.02032184600830078
0.01665043830871582
0.01760077476501465
0.022542715072631836
0.017850160598754883
0.018507957458496094
0.02117609977722168
0.03343987464904785
0.025934219360351562
0.025386571884155273
0.01834416389465332
0.019327163696289062
0.019830703735351562
0.018514156341552734
0.01837015151977539
0.023198843002319336
0.021295547485351562
0.018755435943603516
0.01891350746154785
0.022630929946899414
0.023267269134521484
0.03195071220397949
0.018433570861816406
0.023861169815063477
0.018570423126220703
0.01846599578857422
0.018412113189697266
0.024805307388305664
0.018691062927246094
0.019779443740844727
0.025300979614257812
0.0323033332824707
0.026406049728393555
0.02394723892211914
0.025303363800048828
0.022083520889282227
0.019576072692871094
0.019713163375854492
0.018738985061645508
0.025954484939575195
0.02028799057006836
0.022922277450561523
0.030400514602661133
0.022604942321777344
0.03305172920227051
0.02126336097717285
0.019378662109375
0.020267248153686523
0.01963186264038086
0.019834041595458984
0.02500128746032715
0.020833492279052734
0.0201108455657959
0.02668452262878418
0.03217315673828125
0.034407854080200195
0.01852869987487793
0.022493600845336914
0.02026677131652832
0.019375085830688477
0.019464969635009766
0.030064105987548828
0.01958489418029785
0.019816875457763672
0.02042675018310547
0.024645566940307617
0.030914306640625
0.024685144424438477
0.019621849060058594
0.02081608772277832
0.023863554000854492
0.027322769165039062
0.019369840621948242
0.022721052169799805
0.019524574279785156
0.02229475975036621
0.021693706512451172
0.03436565399169922
0.026266098022460938
0.022071361541748047
0.020925045013427734
0.02012801170349121
0.030228137969970703
0.020380496978759766
0.02080059051513672
0.0204465389251709
0.022360563278198242
0.03338813781738281
0.036995887756347656
0.02718067169189453
0.0213623046875
0.021867036819458008
0.02361750602722168
0.02035832405090332
0.02282428741455078
0.024094581604003906
0.02418351173400879
0.04081606864929199
0.029314756393432617
0.027361631393432617
0.019870758056640625
0.02320241928100586
0.031148672103881836
0.021361589431762695
0.026094436645507812
0.024080991744995117
0.023576974868774414
0.0345768928527832
0.04101824760437012
0.02386927604675293
0.02248525619506836
0.020708560943603516
0.027468442916870117
0.023017168045043945
0.021572351455688477
0.022478818893432617
0.02243185043334961
0.0293118953704834
0.026395320892333984
0.031078815460205078
0.024043798446655273
0.03526616096496582
0.022211551666259766
0.02395343780517578
0.0234529972076416
0.022584199905395508
0.027286767959594727
0.02559494972229004
0.02527475357055664
0.03162264823913574
0.029532909393310547
0.031755924224853516
0.02422499656677246
0.023594141006469727
0.02897810935974121
0.027344465255737305
0.02477121353149414
0.02226114273071289
0.0310208797454834
0.03127145767211914
0.03641676902770996
0.023554563522338867
0.024003028869628906
0.022585630416870117
0.034259796142578125
0.0220794677734375
0.022217988967895508
0.02533435821533203
0.032404422760009766
0.03560495376586914
0.03313446044921875
0.025910615921020508
0.023743391036987305
0.0383603572845459
0.025120019912719727
0.023307323455810547
0.028642654418945312
0.024737119674682617
0.03445029258728027
0.024118661880493164
0.04526162147521973
0.02435898780822754
0.03025221824645996
0.023958206176757812
0.022209882736206055
0.023028850555419922
0.02384638786315918
0.028771638870239258
0.02375650405883789
0.02784872055053711
0.02952885627746582
0.0457303524017334
0.029664039611816406
0.029967069625854492
0.024315357208251953
0.03470349311828613
0.02537989616394043
0.02510380744934082
0.02734994888305664
0.023744583129882812
0.033067941665649414
0.03531169891357422
0.027508258819580078
0.024765729904174805
0.03294110298156738
0.025313615798950195
0.02812337875366211
0.0313107967376709
0.033396244049072266
0.02817511558532715
0.0348362922668457
0.033905744552612305
0.034790754318237305
0.02838754653930664
0.028084993362426758
0.02610635757446289
0.035167694091796875
0.026166200637817383
0.027876615524291992
0.033942461013793945
0.03340625762939453
0.03622174263000488
0.027691125869750977
0.024851083755493164
0.026522159576416016
0.03352522850036621
0.028734445571899414
0.027498483657836914
0.028896570205688477
0.053868770599365234
0.029489755630493164
0.028769493103027344
0.03627610206604004
0.025974750518798828
0.027091503143310547
0.03331947326660156
0.026658296585083008
0.03570723533630371
0.03317737579345703
0.03298163414001465
0.03834962844848633
0.02697443962097168
0.027517318725585938
0.03165841102600098
0.03632998466491699
0.025832653045654297
0.02953171730041504
0.024214982986450195
0.0495610237121582
0.03543233871459961
0.03190469741821289
0.027541399002075195
0.0361020565032959
0.027619123458862305
0.029062747955322266
0.02818465232849121
0.03686356544494629
0.03614044189453125
0.03671121597290039
0.029379844665527344
0.03502058982849121
0.027354001998901367
0.03056168556213379
0.03250575065612793
0.03624749183654785
0.03992271423339844
0.0363926887512207
0.047449350357055664
0.043801307678222656
0.029644012451171875
0.029690027236938477
0.027617216110229492
0.039101600646972656
0.026444673538208008
0.03305339813232422
0.05614018440246582
0.03181099891662598
0.031986236572265625
0.029047489166259766
0.035858869552612305
0.029364347457885742
0.027703285217285156
0.03206682205200195
0.03657245635986328
0.03336954116821289
0.04268789291381836
0.0378117561340332
0.029578208923339844
0.029524803161621094
0.028058767318725586
0.037592172622680664
0.030119895935058594
0.029290437698364258
0.02974081039428711
0.04565787315368652
0.03509712219238281
0.02923750877380371
0.031880855560302734
0.03459477424621582
0.026034832000732422
0.02944493293762207
0.03729534149169922
0.03438997268676758
0.03589820861816406
0.0329279899597168
0.04247164726257324
0.027806520462036133
0.028898239135742188
0.040132999420166016
0.02766585350036621
0.03022480010986328
0.03138160705566406
0.05658698081970215
0.03225827217102051
0.030410289764404297
0.03870391845703125
0.028783559799194336
0.029410839080810547
0.029623031616210938
0.037120819091796875
0.031890153884887695
0.04354119300842285
0.029473066329956055
0.032892465591430664
0.03025054931640625
0.030355215072631836
0.03592348098754883
0.03391456604003906
0.03077530860900879
0.038333892822265625
0.04179096221923828
0.03802013397216797
0.0345911979675293
0.038678884506225586
0.03084707260131836
0.031038284301757812
0.03745865821838379
0.03206324577331543
0.035507917404174805
0.038248538970947266
0.0382084846496582
0.03147411346435547
0.03579306602478027
0.03817152976989746
0.030796527862548828
0.030951738357543945
0.03895688056945801
0.046356201171875
0.032338857650756836
0.0323946475982666
0.03732037544250488
0.03032517433166504
0.03158235549926758
0.04195904731750488
0.045899391174316406
0.03914976119995117
0.033811092376708984
0.03797459602355957
0.02966475486755371
0.029926776885986328
0.042752742767333984
0.03027939796447754
0.03710770606994629
0.06140017509460449
0.03182387351989746
0.03134799003601074
0.031202316284179688
0.038878679275512695
0.03327608108520508
0.03510880470275879
0.038553476333618164
0.037744760513305664
0.039999961853027344
0.04268288612365723
0.0324249267578125
0.031211137771606445
0.03263068199157715
0.035540103912353516
0.03364372253417969
0.03715968132019043
0.05530071258544922
0.032866716384887695
0.03790783882141113
0.04264640808105469
0.032865285873413086
0.032381296157836914
0.046251535415649414
0.041289329528808594
0.036293983459472656
0.030645370483398438
0.04233527183532715
0.03199577331542969
0.03307366371154785
0.04653668403625488
0.040437936782836914
0.048247575759887695
0.040821075439453125
0.03630423545837402
0.031015634536743164
0.04201936721801758
0.032907962799072266
0.036463022232055664
0.04474830627441406
0.03278064727783203
0.031618356704711914
0.03993344306945801
0.03180861473083496
0.03212857246398926
0.03547501564025879
0.046015024185180664
0.04010725021362305
0.036440372467041016
0.039093732833862305
0.03392791748046875
0.033800601959228516
0.03886127471923828
0.03178048133850098
0.03154754638671875
0.04772162437438965
0.03920936584472656
0.03774619102478027
0.050446271896362305
0.03313946723937988
0.03435182571411133
0.043884992599487305
0.03718972206115723
0.04647088050842285
0.046186208724975586
0.033176422119140625
0.03294563293457031
0.045647621154785156
0.032208919525146484
0.03696131706237793
0.05626082420349121
0.04839205741882324
0.03356003761291504
0.04677844047546387
0.032190561294555664
0.034297943115234375
0.04178977012634277
0.031212329864501953
0.04258918762207031
0.05340266227722168
0.03483700752258301
0.03516864776611328
0.041844844818115234
0.0332791805267334
0.03329753875732422
0.042638301849365234
0.0384368896484375
0.0431208610534668
0.04679703712463379
0.03472733497619629
0.0337681770324707
0.04174160957336426
0.03724265098571777
0.03424549102783203
0.04860663414001465
0.044437408447265625
0.037937164306640625
0.05016899108886719
0.03941750526428223
0.03601193428039551
0.04390740394592285
0.03477048873901367
0.0447385311126709
0.05235600471496582
0.03347325325012207
0.03485846519470215
0.04369306564331055
0.03730654716491699
0.033904075622558594
0.0464022159576416
0.04932570457458496
0.04558157920837402
0.04378175735473633
0.03423261642456055
0.048583984375
0.03672933578491211
0.03702998161315918
0.06419634819030762
0.03498554229736328
0.037120819091796875
0.04720783233642578
0.03556203842163086
0.03645038604736328
0.05017423629760742
0.04401874542236328
0.043839454650878906
0.04647088050842285
0.038611412048339844
0.03965950012207031
0.04653286933898926
0.0382542610168457
0.04147005081176758
0.05263471603393555
0.039987802505493164
0.04602932929992676
0.03540468215942383
0.037175655364990234
0.0477910041809082
0.03968358039855957
0.044528961181640625
0.059049367904663086
0.03876018524169922
0.03912186622619629
0.04201555252075195
0.0353083610534668
0.03687095642089844
0.05420732498168945
0.043830156326293945
0.04800820350646973
0.03812718391418457
0.041548967361450195
0.042586326599121094
0.03895711898803711
0.03629589080810547
0.05122709274291992
0.04510354995727539
0.040554046630859375
0.0460965633392334
0.037798166275024414
0.04941248893737793
0.03872513771057129
0.03876543045043945
0.059332847595214844
0.0373232364654541
0.03736162185668945
0.05379796028137207
0.039220333099365234
0.04808354377746582
0.045592308044433594
0.045351505279541016
0.057250261306762695
0.03783917427062988
0.03954315185546875
0.046445369720458984
0.04540657997131348
0.0511319637298584
0.05045461654663086
0.047628164291381836
0.04866385459899902
0.0411686897277832
0.03993034362792969
0.04850482940673828
0.043849945068359375
0.06518363952636719
0.04269695281982422
0.03632616996765137
0.05589461326599121
0.03822159767150879
0.03919339179992676
0.058270931243896484
0.04438161849975586
0.04822397232055664
0.03674960136413574
0.03792142868041992
0.05109119415283203
0.04265427589416504
0.04140663146972656
0.06508851051330566
0.04768657684326172
0.047852277755737305
0.03815317153930664
0.037435054779052734
0.048337697982788086
0.03819012641906738
0.049384355545043945
0.048882484436035156
0.039877891540527344
0.051290035247802734
0.03835868835449219
0.04006528854370117
0.055626630783081055
0.045560598373413086
0.051567792892456055
0.03983283042907715
0.03923368453979492
0.04557180404663086
0.04342508316040039
0.07185721397399902
0.04565286636352539
0.038533687591552734
0.046524763107299805
0.03775358200073242
0.0396885871887207
0.07280850410461426
0.04591083526611328
0.05114388465881348
0.03783583641052246
0.040999412536621094
0.048944950103759766
0.0387120246887207
0.06829023361206055
0.05164384841918945
0.044564008712768555
0.05116748809814453
0.04120802879333496
0.05123090744018555
0.04919290542602539
0.050125837326049805
0.05263972282409668
0.04146456718444824
0.049431800842285156
0.03798508644104004
0.04267549514770508
0.07407093048095703
0.047319650650024414
0.053247928619384766
0.03943634033203125
0.05192279815673828
0.041526079177856445
0.04638242721557617
0.06436300277709961
0.05220961570739746
0.052498579025268555
0.04036068916320801
0.041269779205322266
0.04998922348022461
0.04246068000793457
0.0747530460357666
0.04120063781738281
0.03945040702819824
0.05241894721984863
0.041205406188964844
0.05505704879760742
0.04291987419128418
0.05038166046142578
0.06413149833679199
0.04411578178405762
0.05807375907897949
0.048966169357299805
0.03963804244995117
0.0540163516998291
0.05301165580749512
0.05594992637634277
0.04071688652038574
0.05310392379760742
0.04160881042480469
0.04454469680786133
0.06322813034057617
0.06468582153320312
0.05590391159057617
0.040503501892089844
0.041104793548583984
0.05062127113342285
0.04529261589050293
0.07059669494628906
0.04434943199157715
0.04393434524536133
0.0549311637878418
0.045069217681884766
0.05337977409362793
0.07213473320007324
0.05368542671203613
0.04458475112915039
0.045757293701171875
0.049108266830444336
0.04148221015930176
0.058771610260009766
0.05080914497375488
0.05762958526611328
0.04367470741271973
0.045664310455322266
0.05151224136352539
0.0561223030090332
0.06404662132263184
0.04564237594604492
0.04508471488952637
0.05306649208068848
0.04358625411987305
0.06148409843444824
0.04855179786682129
0.05935239791870117
0.0441892147064209
0.056405067443847656
0.04750871658325195
0.05810427665710449
0.058896541595458984
0.0473172664642334
0.054656267166137695
0.04459261894226074
0.057454824447631836
0.06540703773498535
0.04963040351867676
0.05823016166687012
0.04992198944091797
0.05516505241394043
0.04337286949157715
0.060591936111450195
0.06319069862365723
0.046340227127075195
0.05442237854003906
0.046640634536743164
0.05491018295288086
0.05042600631713867
0.06833839416503906
0.046488046646118164
0.04470705986022949
0.05474519729614258
0.0430912971496582
0.05470705032348633
0.05344390869140625
0.06215357780456543
0.05010175704956055
0.06251955032348633
0.04459500312805176
0.05823016166687012
0.07096266746520996
0.04885697364807129
0.0578310489654541
0.04504847526550293
0.059079647064208984
0.046961069107055664
0.08519172668457031
0.04954242706298828
0.048673391342163086
0.05936288833618164
0.045745849609375
0.05989670753479004
0.050807952880859375
0.06762862205505371
0.04938483238220215
0.06296348571777344
0.0461580753326416
0.046231746673583984
0.053784847259521484
0.05328226089477539
0.06568431854248047
0.05070090293884277
0.05910849571228027
0.047358036041259766
0.05905771255493164
0.055724143981933594
0.05299091339111328
0.058618783950805664
0.04844474792480469
0.05524277687072754
0.0652158260345459
0.07052016258239746
0.05113506317138672
0.060773611068725586
0.047525882720947266
0.05788087844848633
0.04760861396789551
0.08398032188415527
0.049625396728515625
0.04828286170959473
0.05838203430175781
0.05102849006652832
0.05687069892883301
0.048033952713012695
0.07062005996704102
0.050324440002441406
0.06180238723754883
0.04716682434082031
0.0624392032623291
0.04451870918273926
0.05594158172607422
0.06779241561889648
0.05287790298461914
0.057559967041015625
0.05075573921203613
0.058087825775146484
0.05817365646362305
0.07873058319091797
0.05102419853210449
0.058609962463378906
0.05057716369628906
0.06230783462524414
0.054255008697509766
0.07073760032653809
0.04956316947937012
0.05111289024353027
0.060617685317993164
0.051073312759399414
0.058982133865356445
0.07332396507263184
0.06401824951171875
0.04944753646850586
0.06499004364013672
0.04583024978637695
0.0590972900390625
0.05471372604370117
0.07214140892028809
0.04863452911376953
0.06339526176452637
0.04645252227783203
0.0635533332824707
0.058802127838134766
0.08301496505737305
0.05339527130126953
0.05108022689819336
0.06206178665161133
0.04682111740112305
0.06194925308227539
0.06476449966430664
0.06231117248535156
0.05227994918823242
0.06308841705322266
0.04892778396606445
0.06314826011657715
0.06613993644714355
0.06789469718933105
0.057090044021606445
0.0659780502319336
0.05699920654296875
0.07114982604980469
0.06550312042236328
0.06583476066589355
0.050179481506347656
0.06100273132324219
0.047232627868652344
0.059418678283691406
0.059081077575683594
0.07606697082519531
0.05018806457519531
0.0619654655456543
0.04816579818725586
0.06601762771606445
0.0645744800567627
0.057268619537353516
0.06438207626342773
0.05086636543273926
0.06806325912475586
0.04874777793884277
0.0802762508392334
0.05566120147705078
0.06523680686950684
0.05060124397277832
0.05810689926147461
0.05023813247680664
0.07587862014770508
0.05756354331970215
0.06691384315490723
0.049807071685791016
0.06001901626586914
0.05038619041442871
0.08243441581726074
0.06860780715942383
0.056668996810913086
0.0624241828918457
0.05009913444519043
0.05126070976257324
0.06436276435852051
0.08093523979187012
0.05124807357788086
0.0709221363067627
0.05200481414794922
0.05224156379699707
0.06880903244018555
0.07729196548461914
0.053806304931640625
0.06757354736328125
0.05567169189453125
0.07108259201049805
0.06078338623046875
0.07506513595581055
0.0512385368347168
0.0706477165222168
0.050431013107299805
0.06658816337585449
0.06679654121398926
0.06888961791992188
0.0543055534362793
0.08534646034240723
0.05585646629333496
0.09121894836425781
0.0559842586517334
0.06567549705505371
0.05150103569030762
0.06558918952941895
0.048403024673461914
0.08405923843383789
0.05723261833190918
0.07244873046875
0.05643725395202637
0.06226158142089844
0.06098747253417969
0.07703757286071777
0.05582022666931152
0.0645906925201416
0.0528264045715332
0.0644066333770752
0.059674739837646484
0.0815725326538086
0.05765056610107422
0.06678223609924316
0.05394792556762695
0.0639655590057373
0.062328338623046875
0.0727548599243164
0.06024050712585449
0.06090354919433594
0.054024696350097656
0.0668487548828125
0.08486247062683105
0.06333112716674805
0.056838274002075195
0.06391716003417969
0.07233238220214844
0.052683115005493164
0.08318567276000977
0.05561423301696777
0.0680382251739502
0.05237388610839844
0.06606626510620117
0.05136680603027344
0.08056426048278809
0.053293704986572266
0.07224702835083008
0.05419325828552246
0.06495547294616699
0.06454229354858398
0.0746612548828125
0.05837559700012207
0.07091283798217773
0.0544130802154541
0.06814122200012207
0.08336925506591797
0.05647563934326172
0.07035017013549805
0.05699014663696289
0.06930184364318848
0.07731771469116211
0.07072854042053223
0.05618929862976074
0.06826305389404297
0.05046272277832031
0.07080888748168945
0.0689082145690918
0.07868409156799316
0.053427934646606445
0.06250715255737305
0.05164909362792969
0.0701749324798584
0.08535909652709961
0.061748504638671875
0.07593560218811035
0.05208134651184082
0.07483577728271484
0.0651404857635498
0.06684660911560059
0.055031776428222656
0.06268501281738281
0.054592132568359375
0.07208609580993652
0.0643463134765625
0.06934046745300293
0.06940674781799316
0.05768775939941406
0.06700015068054199
0.07310104370117188
0.07070064544677734
0.052895545959472656
0.0688314437866211
0.05630183219909668
0.06216907501220703
0.06146407127380371
0.06900978088378906
0.07232952117919922
0.05193734169006348
0.06585550308227539
0.05853390693664551
0.08223080635070801
0.06060791015625
0.06976485252380371
0.052961111068725586
0.06923985481262207
0.06927704811096191
0.07206439971923828
0.07428264617919922
0.05316758155822754
0.06548523902893066
0.0567319393157959
0.09718585014343262
0.05962824821472168
0.07007384300231934
0.05890011787414551
0.06404566764831543
0.09955477714538574
0.05390787124633789
0.06913948059082031
0.05385947227478027
0.07116484642028809
0.0569610595703125
0.08071208000183105
0.06291007995605469
0.06640219688415527
0.0726466178894043
0.05942678451538086
0.0839533805847168
0.05715131759643555
0.06926083564758301
0.06030607223510742
0.07233357429504395
0.0727834701538086
0.07604432106018066
0.07495427131652832
0.05322909355163574
0.06859755516052246
0.07157278060913086
0.08248734474182129
0.06171989440917969
0.07326173782348633
0.05840873718261719
0.08507490158081055
0.07713961601257324
0.05442357063293457
0.06696891784667969
0.055741310119628906
0.06822681427001953
0.06632518768310547
0.081939697265625
0.07253551483154297
0.05551958084106445
0.07034921646118164
0.07705450057983398
0.07294750213623047
0.0574800968170166
0.07014203071594238
0.07085847854614258
0.08214044570922852
0.07860374450683594
0.06187701225280762
0.06929707527160645
0.05455732345581055
0.0818474292755127
0.08517265319824219
0.05643868446350098
0.0703573226928711
0.0565180778503418
0.08368110656738281
0.062418460845947266
0.067779541015625
0.07111763954162598
0.05574178695678711
0.07003259658813477
0.07736825942993164
0.0817558765411377
0.05911898612976074
0.07633447647094727
0.07942032814025879
0.07628774642944336
0.08481311798095703
0.059244632720947266
0.07226133346557617
0.06574487686157227
0.08841466903686523
0.07753396034240723
0.0568540096282959
0.0773782730102539
0.05857348442077637
0.08993768692016602
0.08093976974487305
0.06566071510314941
0.07426095008850098
0.05996084213256836
0.07353472709655762
0.08007240295410156
0.07418584823608398
0.07798194885253906
0.057181358337402344
0.07614302635192871
0.06893253326416016
0.0746774673461914
0.0781705379486084
0.06620049476623535
0.08430147171020508
0.07493019104003906
0.07564616203308105
0.08395195007324219
0.060301780700683594
0.07461380958557129
0.08137202262878418
0.07431173324584961
0.05771493911743164
0.08054184913635254
0.07433223724365234
0.0674288272857666
0.08251357078552246
0.06113457679748535
0.07084488868713379
0.07918477058410645
0.06313943862915039
0.0834665298461914
0.0675954818725586
0.07413244247436523
0.07519221305847168
0.07247447967529297
0.08552956581115723
0.06426763534545898
0.06982421875
0.07668066024780273
0.05858898162841797
0.10674548149108887
0.06502676010131836
0.07206153869628906
0.07469797134399414
0.060083866119384766
0.09025788307189941
0.0827932357788086
0.05943942070007324
0.07537460327148438
0.0653388500213623
0.09499073028564453
0.0780787467956543
0.06161212921142578
0.0752711296081543
0.06311297416687012
0.09440827369689941
0.084991455078125
0.061133623123168945
0.07457447052001953
0.059319496154785156
0.10124325752258301
0.08309721946716309
0.0641324520111084
0.07082438468933105
0.06609606742858887
0.0782468318939209
0.08707642555236816
0.058621883392333984
0.07847094535827637
0.05808544158935547
0.09400606155395508
0.0812835693359375
0.0640709400177002
0.07193422317504883
0.08228063583374023
0.08235621452331543
0.07987332344055176
0.06319284439086914
0.09115862846374512
0.09958672523498535
0.07665348052978516
0.07950329780578613
0.06261658668518066
0.08118820190429688
0.08130264282226562
0.0694732666015625
0.08313989639282227
0.0792243480682373
0.06262683868408203
0.08209419250488281
0.07894635200500488
0.07507562637329102
0.08258962631225586
0.060158729553222656
0.08808469772338867
0.08890056610107422
0.06502318382263184
0.0733482837677002
0.06635165214538574
0.09067153930664062
0.0879678726196289
0.06418228149414062
0.08124184608459473
0.0758812427520752
0.0675811767578125
0.08848237991333008
0.06334924697875977
0.07397246360778809
0.07935094833374023
0.0744783878326416
0.09142303466796875
0.08047819137573242
0.06291532516479492
0.07241535186767578
0.07909083366394043
0.07704734802246094
0.08266091346740723
0.06719517707824707
0.08243560791015625
0.10443806648254395
0.0665130615234375
0.0792090892791748
0.06210780143737793
0.07130122184753418
0.10432052612304688
0.06626272201538086
0.07795977592468262
0.07858896255493164
0.06763243675231934
0.08927178382873535
0.08673954010009766
0.0637967586517334
0.07721734046936035
0.09379148483276367
0.08923029899597168
0.08150529861450195
0.0644371509552002
0.07499909400939941
0.11204242706298828
0.06311726570129395
0.07682180404663086
0.0804295539855957
0.06345033645629883
0.08923721313476562
0.09100961685180664
0.06893277168273926
0.0781102180480957
0.07040858268737793
0.09929823875427246
0.08617758750915527
0.06788468360900879
0.08510327339172363
0.10645341873168945
0.06681656837463379
0.07974433898925781
0.0785989761352539
0.0686502456665039
0.11807060241699219
0.09264683723449707
0.0692903995513916
0.08135056495666504
0.09118890762329102
0.07066702842712402
0.07717680931091309
0.06441187858581543
0.07097601890563965
0.10033655166625977
0.07608890533447266
0.08375716209411621
0.08091139793395996
0.06813597679138184
0.09605669975280762
0.08649253845214844
0.062040090560913086
0.08612656593322754
0.08449316024780273
0.07922673225402832
0.0753180980682373
0.08147168159484863
0.06642031669616699
0.08316636085510254
0.0950918197631836
0.06815695762634277
0.07867097854614258
0.08057832717895508
0.08697032928466797
0.08310580253601074
0.0828866958618164
0.06199049949645996
0.08614754676818848
0.10338616371154785
0.07188892364501953
0.07972168922424316
0.08896732330322266
0.0661160945892334
0.09439826011657715
0.06884121894836426
0.07924818992614746
0.07831835746765137
0.08157539367675781
0.09093093872070312
0.0907735824584961
0.0851588249206543
0.07317376136779785
0.09286117553710938
0.09073925018310547
0.08294868469238281
0.12730884552001953
0.14508581161499023
0.11354494094848633
0.09513688087463379
0.11885833740234375
0.07038998603820801
0.09738850593566895
0.08588123321533203
0.07954859733581543
0.09673118591308594
0.09110236167907715
0.06390690803527832
0.08325409889221191
0.10825443267822266
0.07106900215148926
0.08240795135498047
0.08733177185058594
0.08048844337463379
0.08880019187927246
0.08932876586914062
0.06644749641418457
0.07828259468078613
0.10727381706237793
0.06671857833862305
0.09349799156188965
0.08557724952697754
0.08125996589660645
0.08968496322631836
0.08455944061279297
0.06290888786315918
0.08357357978820801
0.10317420959472656
0.06918454170227051
0.0789496898651123
0.08180785179138184
0.08896350860595703
0.08984255790710449
0.08159279823303223
0.08565592765808105
0.07207036018371582
0.11972737312316895
0.0846860408782959
0.06930851936340332
0.08050823211669922
0.10185790061950684
0.06923890113830566
0.08185577392578125
0.08268523216247559
0.06778264045715332
0.10033321380615234
0.09145522117614746
0.0769052505493164
0.08312129974365234
0.09850502014160156
0.10324454307556152
0.06937360763549805
0.0844271183013916
0.11965799331665039
0.07191658020019531
0.09119844436645508
0.08842706680297852
0.06662297248840332
0.09511017799377441
0.08994412422180176
0.06907439231872559
0.0761709213256836
0.09976315498352051
0.10413646697998047
0.06887269020080566
0.08913445472717285
0.09861445426940918
0.0803675651550293
0.08374452590942383
0.09106206893920898
0.07925987243652344
0.11415767669677734
0.08947920799255371
0.06675052642822266
0.07973718643188477
0.0998697280883789
0.09624075889587402
0.0688626766204834
0.08541154861450195
0.09020805358886719
0.08456826210021973
0.08495426177978516
0.08676552772521973
0.09219694137573242
0.08923888206481934
0.08740377426147461
0.09055089950561523
0.07492208480834961
0.1085512638092041
0.09276080131530762
0.06918907165527344
0.07884860038757324
0.08955717086791992
0.10614371299743652
0.07425713539123535
0.08524656295776367
0.09087371826171875
0.08150982856750488
0.09735894203186035
0.08297371864318848
0.09714102745056152
0.07988882064819336
0.10072684288024902
0.08953118324279785
0.07116484642028809
0.09089040756225586
0.1012263298034668
0.09194374084472656
0.0738523006439209
0.08383822441101074
0.10007429122924805
0.07666969299316406
0.08729696273803711
0.08815789222717285
0.10465192794799805
0.08294939994812012
0.08904576301574707
0.0854330062866211
0.0713186264038086
0.10493850708007812
0.09130358695983887
0.09087967872619629
0.06881523132324219
0.10162520408630371
0.0944831371307373
0.07941746711730957
0.08276128768920898
0.0858614444732666
0.11130118370056152
0.07064509391784668
0.08682751655578613
0.08768057823181152
0.11419415473937988
0.0703744888305664
0.08556246757507324
0.08522248268127441
0.08244705200195312
0.1093895435333252
0.08792877197265625
0.1038980484008789
0.09112691879272461
0.09745359420776367
0.08938789367675781
0.06941819190979004
0.08620047569274902
0.10340261459350586
0.10483479499816895
0.07115483283996582
0.08605194091796875
0.10186958312988281
0.09210944175720215
0.07448863983154297
0.08947873115539551
0.10329627990722656
0.10037994384765625
0.07068419456481934
0.08378434181213379
0.11855459213256836
0.0757296085357666
0.08632421493530273
0.0896458625793457
0.10572242736816406
0.08552980422973633
0.08489203453063965
0.09038352966308594
0.1103053092956543
0.08755946159362793
0.0871725082397461
0.09169530868530273
0.1030569076538086
0.08431267738342285
0.08585739135742188
0.09548783302307129
0.09631538391113281
0.0887148380279541
0.09064316749572754
0.09654879570007324
0.10319399833679199
0.08765816688537598
0.08947634696960449
0.08967375755310059
0.06798338890075684
0.10921406745910645
0.09411358833312988
0.09363198280334473
0.06752181053161621
0.10373616218566895
0.0943152904510498
0.09104609489440918
0.07049822807312012
0.10182309150695801
0.09481215476989746
0.09896636009216309
0.07095551490783691
0.0900723934173584
0.10827445983886719
0.09502577781677246
0.09143590927124023
0.08039546012878418
0.11212587356567383
0.09590768814086914
0.09580016136169434
0.0717782974243164
0.10381579399108887
0.09844398498535156
0.09477853775024414
0.08542585372924805
0.12578344345092773
0.09528589248657227
0.09371614456176758
0.07769298553466797
0.10365867614746094
0.09779739379882812
0.09307360649108887
0.0759894847869873
0.09389638900756836
0.10360193252563477
0.09553146362304688
0.07419896125793457
0.09829497337341309
0.10764193534851074
0.09528660774230957
0.08148074150085449
0.1083984375
0.09535503387451172
0.10050511360168457
0.08143424987792969
0.09267425537109375
0.10485577583312988
0.10695981979370117
0.07421231269836426
0.09747982025146484
0.10687446594238281
0.09457087516784668
0.1017160415649414
0.08840799331665039
0.09720873832702637
0.0949099063873291
0.09472036361694336
0.10999488830566406
0.0933542251586914
0.09469318389892578
0.09314465522766113
0.0849618911743164
0.09630084037780762
0.08975386619567871
0.09200859069824219
0.11481928825378418
0.0869302749633789
0.09421277046203613
0.09445738792419434
0.10637640953063965
0.08311843872070312
0.08771491050720215
0.09663677215576172
0.12092852592468262
0.11788225173950195
0.07512712478637695
0.09100151062011719
0.0958399772644043
0.1253976821899414
0.07547330856323242
0.08865880966186523
0.1183176040649414
0.10356259346008301
0.07557892799377441
0.08735942840576172
0.1098475456237793
0.09829854965209961
0.09951376914978027
0.08409762382507324
0.1239621639251709
0.09532332420349121
0.09770393371582031
0.10339665412902832
0.0789799690246582
0.10820865631103516
0.0916900634765625
0.09668254852294922
0.09126472473144531
0.10004281997680664
0.09209585189819336
0.10680556297302246
0.13156533241271973
0.08007454872131348
0.09022068977355957
0.09777402877807617
0.12493515014648438
0.10739827156066895
0.08112430572509766
0.09937715530395508
0.11061429977416992
0.09875106811523438
0.07350611686706543
0.09298896789550781
0.11183929443359375
0.09523320198059082
0.09978985786437988
0.08035755157470703
0.10587334632873535
0.09674644470214844
0.0980081558227539
0.10517334938049316
0.09192657470703125
0.09695291519165039
0.09235262870788574
0.09787440299987793
0.11113810539245605
0.07912993431091309
0.09020543098449707
0.10704874992370605
0.10226941108703613
0.09860968589782715
0.07463741302490234
0.10980892181396484
0.11022567749023438
0.09866881370544434
0.09708046913146973
0.11156010627746582
0.09402894973754883
0.09736919403076172
0.0955500602722168
0.11262035369873047
0.08384537696838379
0.09537100791931152
0.09239768981933594
0.11370253562927246
0.10559892654418945
0.08292365074157715
0.0942227840423584
0.11617827415466309
0.09959602355957031
0.10615324974060059
0.07701444625854492
0.1221168041229248
0.09593462944030762
0.10452699661254883
0.10006117820739746
0.09612131118774414
0.09482431411743164
0.09279847145080566
0.09354496002197266
0.11714577674865723
0.10503935813903809
0.08064699172973633
0.09769129753112793
0.12313628196716309
0.1012265682220459
0.10361528396606445
0.10557079315185547
0.09933352470397949
0.09444713592529297
0.09907841682434082
0.12345123291015625
0.08228540420532227
0.09734678268432617
0.09717273712158203
0.11671090126037598
0.10426068305969238
0.10071420669555664
0.08207893371582031
0.11250162124633789
0.09989142417907715
0.0976877212524414
0.1260814666748047
0.08368492126464844
0.09678030014038086
0.09383106231689453
0.11348533630371094
0.10415363311767578
0.10908985137939453
0.0784447193145752
0.11712312698364258
0.09973859786987305
0.10104513168334961
0.10640358924865723
0.09728741645812988
0.09519124031066895
0.1050117015838623
0.10977983474731445
0.11335110664367676
0.10241866111755371
0.08149981498718262
0.09860062599182129
0.11147284507751465
0.09635019302368164
0.10190057754516602
0.12187075614929199
0.0831766128540039
0.0950632095336914
0.09572625160217285
0.11702084541320801
0.10243058204650879
0.10056400299072266
0.08251118659973145
0.12081623077392578
0.0947723388671875
0.09693217277526855
0.10299062728881836
0.12317109107971191
0.08166861534118652
0.09428930282592773
0.10247159004211426
0.11149954795837402
0.09858250617980957
0.10185551643371582
0.09588503837585449
0.09809613227844238
0.09585428237915039
0.0989525318145752
0.12758278846740723
0.10421180725097656
0.07799530029296875
0.09697437286376953
0.12028837203979492
0.10337519645690918
0.1053323745727539
0.10897970199584961
0.09404158592224121
0.09891200065612793
0.09844207763671875
0.11142921447753906
0.11031579971313477
0.11201596260070801
0.10697531700134277
0.10280084609985352
0.09790992736816406
0.10227370262145996
0.09909558296203613
0.12619280815124512
0.10686707496643066
0.07998299598693848
0.11076807975769043
0.1147928237915039
0.09890198707580566
0.10768342018127441
0.12656784057617188
0.11098480224609375
0.08524107933044434
0.15332579612731934
0.11055541038513184
0.10630941390991211
0.10679054260253906
0.12662267684936523
0.0820927619934082
0.0991981029510498
0.09599781036376953
0.1245729923248291
0.10194039344787598
0.10406851768493652
0.12398123741149902
0.08937287330627441
0.10015368461608887
0.10622859001159668
0.12177634239196777
0.10396456718444824
0.10920381546020508
0.12209773063659668
0.08394265174865723
0.10602402687072754
0.09994697570800781
0.1233680248260498
0.13694500923156738
0.1345200538635254
0.15317440032958984
0.09292173385620117
0.11087751388549805
0.1390078067779541
0.10618281364440918
0.10610508918762207
0.10726523399353027
0.12677574157714844
0.1083977222442627
0.08416318893432617
0.11781859397888184
0.10639309883117676
0.10027599334716797
0.10265207290649414
0.14130830764770508
0.10955572128295898
0.08440399169921875
0.12554049491882324
0.0968785285949707
0.10336899757385254
0.1022799015045166
0.12198948860168457
0.10990715026855469
0.11049580574035645
0.08583426475524902
0.11898684501647949
0.09986758232116699
0.10454773902893066
0.1272752285003662
0.10847735404968262
0.10717368125915527
0.10643434524536133
0.10094642639160156
0.10968494415283203
0.09731125831604004
0.11692094802856445
0.1089475154876709
0.10943102836608887
0.1205747127532959
0.1051788330078125
0.1008310317993164
0.10753536224365234
0.11972856521606445
0.1096489429473877
0.10724020004272461
0.12002754211425781
0.11804604530334473
0.08308982849121094
0.0969841480255127
0.11502861976623535
0.10680842399597168
0.10570621490478516
0.10744357109069824
0.13079047203063965
0.10812258720397949
0.11189961433410645
0.09994673728942871
0.10792231559753418
0.10091614723205566
0.10696721076965332
0.12791919708251953
0.10718631744384766
0.10506439208984375
0.1258242130279541
0.11438894271850586
0.09009289741516113
0.10086202621459961
0.13988208770751953
0.10482573509216309
0.10762977600097656
0.12437844276428223
0.11220455169677734
0.11284303665161133
0.135101318359375
0.08451080322265625
0.10578060150146484
0.10275554656982422
0.12116837501525879
0.10789370536804199
0.11041903495788574
0.10500693321228027
0.1356031894683838
0.11471247673034668
0.09085750579833984
0.11839485168457031
0.11128377914428711
0.10778594017028809
0.11389732360839844
0.11518216133117676
0.10829854011535645
0.11603450775146484
0.13801050186157227
0.11613774299621582
0.08978772163391113
0.10738372802734375
0.1212460994720459
0.10749030113220215
0.1160426139831543
0.1261444091796875
0.11218523979187012
0.10908913612365723
0.13774633407592773
0.08641362190246582
0.10402798652648926
0.10068559646606445
0.131361722946167
0.10370850563049316
0.10969209671020508
0.1248784065246582
0.11522459983825684
0.10926175117492676
0.12276005744934082
0.12519359588623047
0.09005618095397949
0.10725712776184082
0.13404059410095215
0.10365080833435059
0.1045534610748291
0.10753393173217773
0.12099814414978027
0.10995268821716309
0.11594700813293457
0.13104748725891113
0.11598658561706543
0.08547782897949219
0.1132974624633789
0.1255502700805664
0.10901308059692383
0.10477781295776367
0.1458873748779297
0.1112523078918457
0.11398720741271973
0.153334379196167
0.1338968276977539
0.1212759017944336
0.10702657699584961
0.12252449989318848
0.10619378089904785
0.10984945297241211
0.1341540813446045
0.11186909675598145
0.11240935325622559
0.14833903312683105
0.11890983581542969
0.11247801780700684
0.12977194786071777
0.11739563941955566
0.12610650062561035
0.09772992134094238
0.12559032440185547
0.10834884643554688
0.1083986759185791
0.13548803329467773
0.11029195785522461
0.11341500282287598
0.14464879035949707
0.11130499839782715
0.11478996276855469
0.14031052589416504
0.13510632514953613
0.11797714233398438
0.09347677230834961
0.12694191932678223
0.11199164390563965
0.10349917411804199
0.13987040519714355
0.1125028133392334
0.11394190788269043
0.15083861351013184
0.11844134330749512
0.11254262924194336
0.12117671966552734
0.12385797500610352
0.1194448471069336
0.12384486198425293
0.1149759292602539
0.10725736618041992
0.11163592338562012
0.1287243366241455
0.11250758171081543
0.11145329475402832
0.14619064331054688
0.11052322387695312
0.1146535873413086
0.11243557929992676
0.1392662525177002
0.11532998085021973
0.11848807334899902
0.12906813621520996
0.12406635284423828
0.08910155296325684
0.1245887279510498
0.11141633987426758
0.11671638488769531
0.11329174041748047
0.11964011192321777
0.11033058166503906
0.10908889770507812
0.13309407234191895
0.11486959457397461
0.11178016662597656
0.12447381019592285
0.12685537338256836
0.11164069175720215
0.13500380516052246
0.12329626083374023
0.11647391319274902
0.12825322151184082
0.0985264778137207
0.11660432815551758
0.10941505432128906
0.12467813491821289
0.1241295337677002
0.10917520523071289
0.1246335506439209
0.12116312980651855
0.11443758010864258
0.11362314224243164
0.1397380828857422
0.11953473091125488
0.11497187614440918
0.15260529518127441
0.12215781211853027
0.12586522102355957
0.13737869262695312
0.13054728507995605
0.11950516700744629
0.11515617370605469
0.10638427734375
0.12238311767578125
0.12471294403076172
0.11840081214904785
0.11801457405090332
0.1384439468383789
0.11567020416259766
0.1227412223815918
0.11407327651977539
0.13906240463256836
0.10997724533081055
0.12437605857849121
0.13289761543273926
0.11763167381286621
0.11533927917480469
0.1484513282775879
0.11657023429870605
0.12644219398498535
0.14393377304077148
0.12408995628356934
0.1216428279876709
0.14316749572753906
0.12399983406066895
0.09923696517944336
0.1258530616760254
0.1185765266418457
0.10607409477233887
0.12480449676513672
0.1277775764465332
0.1138296127319336
0.12698674201965332
0.11841392517089844
0.10890913009643555
0.11590814590454102
0.12887096405029297
0.1236424446105957
0.11285853385925293
0.1341874599456787
0.11472439765930176
0.11593818664550781
0.14077281951904297
0.12454915046691895
0.11554861068725586
0.1440427303314209
0.11573648452758789
0.12122988700866699
0.11800837516784668
0.136063814163208
0.11672520637512207
0.12631821632385254
0.15190601348876953
0.12534332275390625
0.1267693042755127
0.13288354873657227
0.12106704711914062
0.136627197265625
0.12682080268859863
0.12592434883117676
0.1283583641052246
0.11297154426574707
0.11127400398254395
0.1136934757232666
0.15466880798339844
0.11638116836547852
0.10608601570129395
0.133500337600708
0.11279129981994629
0.11598086357116699
0.14658331871032715
0.11471152305603027
0.11040925979614258
0.11514925956726074
0.1289982795715332
0.11560821533203125
0.11861944198608398
0.1418774127960205
0.1102132797241211
0.11541485786437988
0.16341757774353027
0.0969703197479248
0.11497116088867188
0.17752480506896973
0.09193682670593262
0.11994385719299316
0.15877223014831543
0.09815025329589844
0.11502337455749512
0.16898894309997559
0.10024762153625488
0.11803865432739258
0.15471386909484863
0.1012411117553711
0.12827467918395996
0.17720937728881836
0.09480977058410645
0.1454918384552002
0.09453797340393066
0.1668539047241211
0.12491512298583984
0.09729766845703125
0.17368793487548828
0.12816452980041504
0.10282778739929199
0.16615653038024902
0.12562084197998047
0.09824395179748535
0.1520674228668213
0.13103604316711426
0.09676933288574219
0.17326831817626953
0.12685084342956543
0.10042977333068848
0.16497564315795898
0.1334390640258789
0.13703465461730957
0.1280825138092041
0.12601256370544434
0.1764073371887207
0.12591791152954102
0.12848234176635742
0.13274931907653809
0.1428680419921875
0.12488889694213867
0.14950895309448242
0.1264960765838623
0.13563776016235352
0.14860916137695312
0.12797832489013672
0.12120461463928223
0.18522977828979492
0.12521076202392578
0.13212370872497559
0.13524150848388672
0.13248324394226074
0.12398505210876465
0.14487290382385254
0.13080263137817383
0.1297745704650879
0.16337847709655762
0.13452386856079102
0.12690114974975586
0.15529561042785645
0.12390923500061035
0.13088488578796387
0.16306853294372559
0.14023232460021973
0.1325056552886963
0.1466691493988037
0.12913179397583008
0.13688302040100098
0.1337451934814453
0.12689447402954102
0.145430326461792
0.12851381301879883
0.12453889846801758
0.1359724998474121
0.14353537559509277
0.12459349632263184
0.13204050064086914
0.13326597213745117
0.12104487419128418
0.14539194107055664
0.1278231143951416
0.12719416618347168
0.1400589942932129
0.12984013557434082
0.1202707290649414
0.13021612167358398
0.13338804244995117
0.12438464164733887
0.12863779067993164
0.13404154777526855
0.12348365783691406
0.1353011131286621
0.12658214569091797
0.12240958213806152
0.13957452774047852
0.11934733390808105
0.12172102928161621
0.11867308616638184
0.14072251319885254
0.11378288269042969
0.11728692054748535
0.1420300006866455
0.1150968074798584
0.1164543628692627
0.13608551025390625
0.12033581733703613
0.1188046932220459
0.18599724769592285
0.12828302383422852
0.12758779525756836
0.15426230430603027
0.1253366470336914
0.13425493240356445
0.13951754570007324
0.1254410743713379
0.14479660987854004
0.13649201393127441
0.1232144832611084
0.15351009368896484
0.12380218505859375
0.1213219165802002
0.13092803955078125
0.13260126113891602
0.1226038932800293
0.13283038139343262
0.13010334968566895
0.12009501457214355
0.12426161766052246
0.1668548583984375
0.16402745246887207
0.1400759220123291
0.1265120506286621
0.11864805221557617
0.13745546340942383
0.15884757041931152
0.17662286758422852
0.1362595558166504
0.1312546730041504
0.17543339729309082
0.12697052955627441
0.13103652000427246
0.13503217697143555
0.12520265579223633
0.13835835456848145
0.14963984489440918
0.13144326210021973
0.13115739822387695
0.13149619102478027
0.12404203414916992
0.123382568359375
0.14172029495239258
0.12029027938842773
0.12919139862060547
0.13580989837646484
0.11990189552307129
0.12701082229614258
0.12517070770263672
0.14774870872497559
0.13214397430419922
0.15110039710998535
0.13433241844177246
0.13527345657348633
0.14142847061157227
0.12341570854187012
0.14142489433288574
0.13045644760131836
0.1271970272064209
0.15434527397155762
0.12263655662536621
0.1215047836303711
0.12123656272888184
0.14410161972045898
0.12149238586425781
0.12575793266296387
0.12713623046875
0.12236881256103516
0.16585302352905273
0.14008522033691406
0.1313624382019043
0.1617567539215088
0.1299879550933838
0.13098526000976562
0.1388401985168457
0.13134431838989258
0.12270188331604004
0.1490797996520996
0.13250517845153809
0.1256856918334961
0.1499042510986328
0.13205409049987793
0.12138175964355469
0.155928373336792
0.14928841590881348
0.1358489990234375
0.1502079963684082
0.1329028606414795
0.13624882698059082
0.14753437042236328
0.12566399574279785
0.14582180976867676
0.13007521629333496
0.13445639610290527
0.15242934226989746
0.12409186363220215
0.13248538970947266
0.13829517364501953
0.16150212287902832
0.1356639862060547
0.16245555877685547
0.13851618766784668
0.13842391967773438
0.1446845531463623
0.13014936447143555
0.16179132461547852
0.1281435489654541
0.12332439422607422
0.1431283950805664
0.12813591957092285
0.12351059913635254
0.1471569538116455
0.16330981254577637
0.13194918632507324
0.15587615966796875
0.13217782974243164
0.1355738639831543
0.15242743492126465
0.1256852149963379
0.12716341018676758
0.14895391464233398
0.1227118968963623
0.13111424446105957
0.13900351524353027
0.12838292121887207
0.1661219596862793
0.13680505752563477
0.13029718399047852
0.16233468055725098
0.1293802261352539
0.13410258293151855
0.14955830574035645
0.12265658378601074
0.12119483947753906
0.16493892669677734
0.14731144905090332
0.15516972541809082
0.1911482810974121
0.13755345344543457
0.159437894821167
0.13902688026428223
0.1320967674255371
0.14848875999450684
0.12968087196350098
0.14116215705871582
0.15043115615844727
0.12639069557189941
0.15044379234313965
0.20827937126159668
0.1992323398590088
0.16858148574829102
0.17561030387878418
0.1845390796661377
0.13626646995544434
0.15525007247924805
0.13010406494140625
0.13351893424987793
0.1544480323791504
0.13666248321533203
0.15713119506835938
0.15084195137023926
0.13245511054992676
0.15529561042785645
0.13278412818908691
0.1333930492401123
0.15758085250854492
0.13101506233215332
0.12800025939941406
0.16260504722595215
0.15450453758239746
0.16112089157104492
0.13446998596191406
0.13906598091125488
0.14325666427612305
0.1512746810913086
0.13038134574890137
0.1537790298461914
0.1287376880645752
0.13017988204956055
0.18460702896118164
0.14027023315429688
0.17251968383789062
0.14014983177185059
0.13231134414672852
0.14656352996826172
0.12787795066833496
0.13690686225891113
0.15252685546875
0.16713452339172363
0.1501483917236328
0.14847111701965332
0.15922093391418457
0.1672534942626953
0.15349173545837402
0.15067672729492188
0.1438765525817871
0.13402628898620605
0.14436602592468262
0.16729044914245605
0.13886308670043945
0.15859127044677734
0.1382274627685547
0.1725924015045166
0.1271967887878418
0.13265442848205566
0.13563752174377441
0.18425321578979492
0.13528656959533691
0.1670818328857422
0.13812756538391113
0.15036702156066895
0.13743305206298828
0.13518214225769043
0.15380477905273438
0.13579988479614258
0.1559305191040039
0.16860055923461914
0.13494420051574707
0.14479708671569824
0.1474292278289795
0.1352226734161377
0.1469743251800537
0.1394038200378418
0.16432499885559082
0.18002867698669434
0.13324260711669922
0.13908839225769043
0.15336298942565918
0.13799333572387695
0.13414478302001953
0.1392536163330078
0.16038918495178223
0.17505168914794922
0.13463759422302246
0.14158177375793457
0.14017438888549805
0.13541913032531738
0.13909077644348145
0.15436387062072754
0.16186857223510742
0.1831676959991455
0.1356673240661621
0.1516399383544922
0.15113329887390137
0.1421518325805664
0.1635904312133789
0.13757562637329102
0.16329622268676758
0.16632413864135742
0.1344132423400879
0.1424884796142578
0.14558887481689453
0.1424999237060547
0.14475417137145996
0.14296650886535645
0.16002511978149414
0.1802523136138916
0.14240741729736328
0.17265033721923828
0.14118647575378418
0.13696026802062988
0.15362334251403809
0.17337894439697266
0.1428818702697754
0.16904234886169434
0.13341259956359863
0.1740577220916748
0.13488435745239258
0.13576793670654297
0.18367290496826172
0.14769816398620605
0.14473938941955566
0.17331504821777344
0.1310415267944336
0.159332275390625
0.15144658088684082
0.1823570728302002
0.1419975757598877
0.14310741424560547
0.14774060249328613
0.14317846298217773
0.13776016235351562
0.15794062614440918
0.17085504531860352
0.1571035385131836
0.14156603813171387
0.1387932300567627
0.1748056411743164
0.14199042320251465
0.1299271583557129
0.20026278495788574
0.14194512367248535
0.1675558090209961
0.14240312576293945
0.13966870307922363
0.15700149536132812
0.17206811904907227
0.17051100730895996
0.14978909492492676
0.13631606101989746
0.15979671478271484
0.13716650009155273
0.14113426208496094
0.19957613945007324
0.1497631072998047
0.16162109375
0.14546489715576172
0.1356346607208252
0.165632963180542
0.17402362823486328
0.1741483211517334
0.14577889442443848
0.1456003189086914
0.16716957092285156
0.1390845775604248
0.13927960395812988
0.19004511833190918
0.1496584415435791
0.16854286193847656
0.13207411766052246
0.13883590698242188
0.160736083984375
0.17626047134399414
0.17702794075012207
0.1424868106842041
0.13220000267028809
0.14344263076782227
0.15974044799804688
0.16825532913208008
0.1672377586364746
0.14443421363830566
0.1397993564605713
0.16584253311157227
0.13198518753051758
0.19694781303405762
0.13990211486816406
0.15140914916992188
0.16538214683532715
0.13983702659606934
0.17026305198669434
0.16988492012023926
0.15212011337280273
0.1678943634033203
0.13156867027282715
0.14818406105041504
0.13633012771606445
0.17496275901794434
0.16311144828796387
0.1449730396270752
0.13754701614379883
0.14480233192443848
0.17342400550842285
0.16389083862304688
0.14567136764526367
0.14680933952331543
0.16506743431091309
0.1403954029083252
0.19104290008544922
0.15032124519348145
0.1455526351928711
0.17831778526306152
0.1356489658355713
0.14699172973632812
0.18548941612243652
0.14862632751464844
0.17073392868041992
0.14321208000183105
0.15380239486694336
0.17868351936340332
0.14798808097839355
0.1812272071838379
0.13842988014221191
0.15941309928894043
0.1568288803100586
0.17587709426879883
0.16846585273742676
0.14474725723266602
0.16267609596252441
0.14254093170166016
0.1719038486480713
0.17032599449157715
0.1436452865600586
0.15442848205566406
0.14372968673706055
0.1393895149230957
0.19905877113342285
0.14932847023010254
0.15531468391418457
0.15434598922729492
0.13455963134765625
0.20824599266052246
0.14460444450378418
0.17114019393920898
0.13610100746154785
0.14339852333068848
0.20612287521362305
0.14917898178100586
0.1608748435974121
0.1450507640838623
0.13794922828674316
0.22252678871154785
0.14145255088806152
0.1587202548980713
0.1362595558166504
0.14323067665100098
0.19304609298706055
0.15320277214050293
0.15265774726867676
0.15112996101379395
0.1395859718322754
0.1749272346496582
0.16728878021240234
0.14940857887268066
0.15349936485290527
0.14911627769470215
0.16021180152893066
0.17719244956970215
0.14433670043945312
0.17582154273986816
0.14246249198913574
0.17270851135253906
0.17288446426391602
0.1516857147216797
0.1540522575378418
0.1512763500213623
0.18651556968688965
0.1534132957458496
0.14713811874389648
0.17154765129089355
0.13882994651794434
0.21254634857177734
0.14671754837036133
0.14748597145080566
0.16153240203857422
0.14591336250305176
0.18923544883728027
0.16646194458007812
0.15266776084899902
0.18265318870544434
0.14539885520935059
0.20528078079223633
0.153167724609375
0.14983296394348145
0.1499347686767578
0.15353751182556152
0.18013715744018555
0.15514469146728516
0.14430499076843262
0.17299509048461914
0.1753382682800293
0.19073963165283203
0.15645742416381836
0.1482222080230713
0.15258336067199707
0.1834263801574707
0.16416525840759277
0.1504044532775879
0.13818573951721191
0.1672811508178711
0.17099404335021973
0.18089723587036133
0.1398758888244629
0.1510775089263916
0.19419527053833008
0.15707182884216309
0.14969444274902344
0.1647632122039795
0.14776396751403809
0.19837641716003418
0.14530730247497559
0.17264556884765625
0.13909602165222168
0.17978692054748535
0.18664765357971191
0.1483442783355713
0.1485919952392578
0.14915943145751953
0.17203378677368164
0.18561482429504395
0.1423788070678711
0.15378689765930176
0.18013930320739746
0.15171289443969727
0.16638517379760742
0.16156911849975586
0.14177870750427246
0.18572759628295898
0.14785981178283691
0.16359472274780273
0.13906359672546387
0.21295785903930664
0.15040802955627441
0.14563226699829102
0.1621084213256836
0.1821434497833252
0.16177010536193848
0.15775346755981445
0.14534735679626465
0.17223715782165527
0.1682121753692627
0.18225646018981934
0.14352965354919434
0.14725542068481445
0.19948959350585938
0.15188145637512207
0.17186808586120605
0.14719653129577637
0.1824631690979004
0.16418910026550293
0.14475250244140625
0.18049049377441406
0.18087387084960938
0.16240286827087402
0.14179086685180664
0.1483471393585205
0.20012617111206055
0.15819096565246582
0.17567181587219238
0.14585399627685547
0.1921391487121582
0.1723933219909668
0.15381383895874023
0.1591968536376953
0.1443629264831543
0.19475746154785156
0.15565991401672363
0.14781403541564941
0.16536903381347656
0.19109368324279785
0.16930532455444336
0.15662622451782227
0.13851523399353027
0.19974827766418457
0.14616775512695312
0.14932560920715332
0.16937518119812012
0.18088674545288086
0.17297983169555664
0.1486377716064453
0.21323800086975098
0.15967845916748047
0.14765381813049316
0.1633307933807373
0.14697265625
0.19365954399108887
0.16063261032104492
0.15180516242980957
0.21459174156188965
0.16902446746826172
0.18662428855895996
0.14955782890319824
0.18794608116149902
0.15819120407104492
0.14483356475830078
0.1858518123626709
0.1821441650390625
0.17964601516723633
0.14645147323608398
0.14891481399536133
0.21553564071655273
0.16046547889709473
0.17512178421020508
0.15093064308166504
0.20889806747436523
0.1576988697052002
0.1563253402709961
0.1760101318359375
0.18343448638916016
0.1921677589416504
0.14624309539794922
0.1519002914428711
0.19424104690551758
0.155717134475708
0.1670835018157959
0.16058611869812012
0.1957683563232422
0.1527254581451416
0.14421820640563965
0.22332167625427246
0.14890789985656738
0.17697405815124512
0.14634299278259277
0.19710826873779297
0.1580798625946045
0.15398311614990234
0.1713252067565918
0.18165183067321777
0.19072270393371582
0.15715980529785156
0.1845533847808838
0.18046784400939941
0.14811468124389648
0.1682147979736328
0.18799471855163574
0.1860179901123047
0.1454479694366455
0.15240931510925293
0.20569586753845215
0.15382909774780273
0.1699364185333252
0.18836617469787598
0.16309475898742676
0.16938209533691406
0.15188193321228027
0.2093515396118164
0.15422654151916504
0.18948960304260254
0.14859223365783691
0.20383882522583008
0.1633150577545166
0.1536095142364502
0.19969701766967773
0.15855073928833008
0.17857694625854492
0.15034866333007812
0.21356725692749023
0.16123437881469727
0.1543750762939453
0.2165062427520752
0.15388035774230957
0.17038249969482422
0.1516742706298828
0.1966395378112793
0.16395878791809082
0.16066718101501465
0.21287178993225098
0.15848946571350098
0.1645364761352539
0.15644145011901855
0.18630409240722656
0.19197463989257812
0.1588270664215088
0.2274632453918457
0.15378665924072266
0.18443989753723145
0.1446068286895752
0.19516587257385254
0.1824054718017578
0.15270352363586426
0.20341968536376953
0.15691661834716797
0.15951251983642578
0.16463851928710938
0.18864774703979492
0.15493083000183105
0.144819974899292
0.20566964149475098
0.15463972091674805
0.16133952140808105
0.18642735481262207
0.1633744239807129
0.16999077796936035
0.15070152282714844
0.2088160514831543
0.15929746627807617
0.1605679988861084
0.19839239120483398
0.14998602867126465
0.1746523380279541
0.18901848793029785
0.1810317039489746
0.15255165100097656
0.1770789623260498
0.1781480312347412
0.15578508377075195
0.16875934600830078
0.18899941444396973
0.1693432331085205
0.1618051528930664
0.1912519931793213
0.174513578414917
0.1537320613861084
0.18003487586975098
0.18036627769470215
0.16562294960021973
0.1499168872833252
0.18846416473388672
0.1788482666015625
0.15566539764404297
0.20417237281799316
0.1577596664428711
0.184983491897583
0.1895756721496582
0.16447162628173828
0.16953158378601074
0.14356184005737305
0.2074754238128662
0.15099120140075684
0.15556025505065918
0.1996908187866211
0.16215133666992188
0.15334033966064453
0.18819308280944824
0.17282414436340332
0.15652990341186523
0.1974012851715088
0.1656486988067627
0.14887666702270508
0.2232809066772461
0.1635909080505371
0.19341111183166504
0.14702153205871582
0.19547057151794434
0.1506049633026123
0.15680193901062012
0.20011067390441895
0.15633583068847656
0.17987823486328125
0.19069337844848633
0.18839454650878906
0.1522505283355713
0.18805217742919922
0.17747020721435547
0.14670467376708984
0.21126508712768555
0.1570580005645752
0.1703798770904541
0.1867077350616455
0.16624236106872559
0.15297389030456543
0.1957087516784668
0.17696261405944824
0.15466094017028809
0.20338726043701172
0.16556525230407715
0.15855121612548828
0.2258150577545166
0.15734314918518066
0.17913484573364258
0.18628978729248047
0.17954015731811523
0.16244077682495117
0.21278643608093262
0.16061139106750488
0.16051864624023438
0.22248029708862305
0.16165828704833984
0.1806333065032959
0.19598126411437988
0.16660833358764648
0.15956735610961914
0.15362548828125
0.2071828842163086
0.15352630615234375
0.21378493309020996
0.1628718376159668
0.1878190040588379
0.1883692741394043
0.17043828964233398
0.17013096809387207
0.1549680233001709
0.20505356788635254
0.15851712226867676
0.21517157554626465
0.1643373966217041
0.18021345138549805
0.19716835021972656
0.18762898445129395
0.1762371063232422
0.19288325309753418
0.17038989067077637
0.15199041366577148
0.2303931713104248
0.15517687797546387
0.1971418857574463
0.1892259120941162
0.1788034439086914
0.1599411964416504
0.19678878784179688
0.18085813522338867
0.1575169563293457
0.22519159317016602
0.16466259956359863
0.18645739555358887
0.19525527954101562
0.17101216316223145
0.1557776927947998
0.19304418563842773
0.17778491973876953
0.1498253345489502
0.21076035499572754
0.1556403636932373
0.18072819709777832
0.18896842002868652
0.16337800025939941
0.1974625587463379
0.16521096229553223
0.1863863468170166
0.20877861976623535
0.18407249450683594
0.15684080123901367
0.21994996070861816
0.16059660911560059
0.16765308380126953
0.21067190170288086
0.17500996589660645
0.17208170890808105
0.19148945808410645
0.17701959609985352
0.15052056312561035
0.22826790809631348
0.15619921684265137
0.2105119228363037
0.16009950637817383
0.1601731777191162
0.2206587791442871
0.16243815422058105
0.19567251205444336
0.1977694034576416
0.18586421012878418
0.15318870544433594
0.19556498527526855
0.1607358455657959
0.19832563400268555
0.17101526260375977
0.15425705909729004
0.21642112731933594
0.15781068801879883
0.187530517578125
0.18809151649475098
0.17116689682006836
0.15617609024047852
0.20100808143615723
0.17399334907531738
0.20486044883728027
0.18182659149169922
0.1589803695678711
0.23140621185302734
0.1644914150238037
0.17531514167785645
0.21026825904846191
0.16492581367492676
0.21178817749023438
0.16596412658691406
0.18223309516906738
0.19159674644470215
0.19028234481811523
0.1553952693939209
0.21500062942504883
0.15775489807128906
0.2198657989501953
0.16218042373657227
0.1745002269744873
0.19641900062561035
0.19068455696105957
0.15916180610656738
0.1988542079925537
0.19057655334472656
0.2003498077392578
0.18125224113464355
0.1609501838684082
0.22800278663635254
0.16873621940612793
0.18320870399475098
0.19771528244018555
0.1640174388885498
0.20812201499938965
0.1655893325805664
0.18124079704284668
0.19136476516723633
0.19624638557434082
0.15723419189453125
0.21792984008789062
0.1583700180053711
0.23972582817077637
0.16835570335388184
0.16443681716918945
0.22153615951538086
0.19091558456420898
0.20465731620788574
0.2035202980041504
0.15965056419372559
0.2020559310913086
0.18723678588867188
0.1645822525024414
0.21333527565002441
0.16783523559570312
0.22789549827575684
0.16555237770080566
0.19083666801452637
0.1975233554840088
0.16660475730895996
0.2147843837738037
0.16364192962646484
0.19470548629760742
0.1968095302581787
0.19719219207763672
0.19630146026611328
0.19256258010864258
0.15909671783447266
0.2162339687347412
0.15899968147277832
0.17601823806762695
0.2044670581817627
0.17591261863708496
0.19915199279785156
0.17278790473937988
0.15902185440063477
0.19465374946594238
0.18340849876403809
0.20262694358825684
0.2012627124786377
0.16440248489379883
0.21376919746398926
0.16709446907043457
0.2339019775390625
0.17170977592468262
0.16159725189208984
0.20496129989624023
0.1701340675354004
0.21085643768310547
0.16464543342590332
0.2058415412902832
0.20567727088928223
0.1829979419708252
0.19644570350646973
0.1823873519897461
0.17261958122253418
0.22504210472106934
0.1597428321838379
0.21986007690429688
0.17411088943481445
0.23945260047912598
0.17624187469482422
0.16771769523620605
0.20320868492126465
0.1720588207244873
0.2184600830078125
0.1759357452392578
0.18093204498291016
0.2059643268585205
0.16663360595703125
0.2031846046447754
0.18745875358581543
0.16685914993286133
0.21033382415771484
0.17066287994384766
0.22742581367492676
0.16614460945129395
0.24968242645263672
0.17142629623413086
0.16978883743286133
0.22002077102661133
0.16614842414855957
0.23466944694519043
0.181718111038208
0.16541743278503418
0.20101070404052734
0.16880035400390625
0.2435307502746582
0.231886625289917
0.20589089393615723
0.1747760772705078
0.16516566276550293
0.21622157096862793
0.16370058059692383
0.24735116958618164
0.17910456657409668
0.1965169906616211
0.20691990852355957
0.25331997871398926
0.20155048370361328
0.1827692985534668
0.22529363632202148
0.17133069038391113
0.15840744972229004
0.22379779815673828
0.16022968292236328
0.2252962589263916
0.16618633270263672
0.23110651969909668
0.16726350784301758
0.19237470626831055
0.1977550983428955
0.1816849708557129
0.20601511001586914
0.17976665496826172
0.20093631744384766
0.1826491355895996
0.1667461395263672
0.21462130546569824
0.16448307037353516
0.20395660400390625
0.1779026985168457
0.2069413661956787
0.2001171112060547
0.16481733322143555
0.22529816627502441
0.1649482250213623
0.2287447452545166
0.16994929313659668
0.2107374668121338
0.17303252220153809
0.2118968963623047
0.1754908561706543
0.16944622993469238
0.21366190910339355
0.16260242462158203
0.23198962211608887
0.16664552688598633
0.2254772186279297
0.16841626167297363
0.20346498489379883
0.19247031211853027
0.20354104042053223
0.20065641403198242
0.21123480796813965
0.2133646011352539
0.1939685344696045
0.20322656631469727
0.1927652359008789
0.1619400978088379
0.22026824951171875
0.16198420524597168
0.2349851131439209
0.16875410079956055
0.21125555038452148
0.1734926700592041
0.2164745330810547
0.179229736328125
0.22039532661437988
0.1894838809967041
0.17305898666381836
0.2522616386413574
0.1826624870300293
0.23286914825439453
0.1786501407623291
0.22111058235168457
0.20102906227111816
0.22176313400268555
0.20808863639831543
0.1703023910522461
0.21363520622253418
0.17118358612060547
0.22582530975341797
0.1826493740081787
0.23518157005310059
0.1805248260498047
0.251847505569458
0.17330265045166016
0.24404215812683105
0.1776876449584961
0.17777228355407715
0.20540952682495117
0.18976664543151855
0.2179563045501709
0.2055039405822754
0.21988582611083984
0.20160150527954102
0.218458890914917
0.18759918212890625
0.2043900489807129
0.19669628143310547
0.2277660369873047
0.22053933143615723
0.17730331420898438
0.23009610176086426
0.1790306568145752
0.23871231079101562
0.18087553977966309
0.2429521083831787
0.16686463356018066
0.23633074760437012
0.1694340705871582
0.22536873817443848
0.1698284149169922
0.2397308349609375
0.17543697357177734
0.18711590766906738
0.20203852653503418
0.19793224334716797
0.2056734561920166
0.2073991298675537
0.20704960823059082
0.1885995864868164
0.2081456184387207
0.18758821487426758
0.20763278007507324
0.2088165283203125
0.20633792877197266
0.17667722702026367
0.21560430526733398
0.20805883407592773
0.22137141227722168
0.21574902534484863
0.17990636825561523
0.24766969680786133
0.16792988777160645
0.21896886825561523
0.16503500938415527
0.2213752269744873
0.1713392734527588
0.22603154182434082
0.1699671745300293
0.24114632606506348
0.17126774787902832
0.2187180519104004
0.17359399795532227
0.22376680374145508
0.17049384117126465
0.21659302711486816
0.19524407386779785
0.2536599636077881
0.18016552925109863
0.25791144371032715
0.18480277061462402
0.23763346672058105
0.18503642082214355
0.2583787441253662
0.1900167465209961
0.21948480606079102
0.21324658393859863
0.20097947120666504
0.21458864212036133
0.20975327491760254
0.21771764755249023
0.2047865390777588
0.21595478057861328
0.19914865493774414
0.2245628833770752
0.21010494232177734
0.2253718376159668
0.1943340301513672
0.22799110412597656
0.19126534461975098
0.24090290069580078
0.1885685920715332
0.2246413230895996
0.18584036827087402
0.23241901397705078
0.18867278099060059
0.2374885082244873
0.1876521110534668
0.24374985694885254
0.18430781364440918
0.2278141975402832
0.19515252113342285
0.24811792373657227
0.18112397193908691
0.22961926460266113
0.1866152286529541
0.22562718391418457
0.19433140754699707
0.24263954162597656
0.20177078247070312
0.22966909408569336
0.18331575393676758
0.22045469284057617
0.21254539489746094
0.21355533599853516
0.20733141899108887
0.22219443321228027
0.2061471939086914
0.21254491806030273
0.24929237365722656
0.19054889678955078
0.2645871639251709
0.19077467918395996
0.24857687950134277
0.19794678688049316
0.23349213600158691
0.21591448783874512
0.23066329956054688
0.2113490104675293
0.2257697582244873
0.2070903778076172
0.23120713233947754
0.2095470428466797
0.23000073432922363
0.1981029510498047
0.2385258674621582
0.17888545989990234
0.23859691619873047
0.19941020011901855
0.24065351486206055
0.19229483604431152
0.2507476806640625
0.19185161590576172
0.25905370712280273
0.19098281860351562
0.2550816535949707
0.18766355514526367
0.25098276138305664
0.1902310848236084
0.2373499870300293
0.19092249870300293
0.23346424102783203
0.18902087211608887
0.2307138442993164
0.19394207000732422
0.22955656051635742
0.2113780975341797
0.23162484169006348
0.21488094329833984
0.23765087127685547
0.1872997283935547
0.22896146774291992
0.20139288902282715
0.23533916473388672
0.18766450881958008
0.25270628929138184
0.1853797435760498
0.23880958557128906
0.2231888771057129
0.2181689739227295
0.22987604141235352
0.21104049682617188
0.2239384651184082
0.20325016975402832
0.2310805320739746
0.19487690925598145
0.2415480613708496
0.20344042778015137
0.2552611827850342
0.18845319747924805
0.2545804977416992
0.19425058364868164
0.23898601531982422
0.18304991722106934
0.25026607513427734
0.18673133850097656
0.247971773147583
0.2639033794403076
0.19087624549865723
0.2482595443725586
0.18969082832336426
0.2506716251373291
0.1944427490234375
0.2518603801727295
0.1904127597808838
0.2472548484802246
0.18424487113952637
0.24367022514343262
0.19849061965942383
0.22647809982299805
0.19977355003356934
0.23234152793884277
0.21109485626220703
0.22164130210876465
0.24257421493530273
0.20169639587402344
0.25090479850769043
0.20157122611999512
0.24869465827941895
0.20562052726745605
0.22563672065734863
0.2161099910736084
0.22780299186706543
0.2064037322998047
0.21245503425598145
0.19640421867370605
0.22095966339111328
0.26304030418395996
0.19704747200012207
0.24231910705566406
0.19118976593017578
0.23820137977600098
0.19156718254089355
0.24618887901306152
0.21319198608398438
0.22333478927612305
0.21793508529663086
0.2267439365386963
0.25647544860839844
0.18802404403686523
0.2456667423248291
0.21957921981811523
0.22571039199829102
0.21791434288024902
0.23293709754943848
0.2183215618133545
0.22687149047851562
0.21447277069091797
0.2353816032409668
0.23762226104736328
0.20009946823120117
0.23280668258666992
0.2152721881866455
0.22983574867248535
0.21157479286193848
0.224076509475708
0.21167206764221191
0.22901439666748047
0.2544057369232178
0.19510698318481445
0.24346566200256348
0.20791935920715332
0.23837900161743164
0.22191619873046875
0.21938729286193848
0.21283483505249023
0.2232074737548828
0.26125335693359375
0.20160412788391113
0.25745105743408203
0.2111208438873291
0.23442363739013672
0.2040414810180664
0.23571324348449707
0.26569271087646484
0.20405054092407227
0.25520825386047363
0.1901712417602539
0.2258915901184082
0.19653725624084473
0.23615503311157227
0.19414997100830078
0.2279524803161621
0.26073336601257324
0.17838716506958008
0.2532215118408203
0.1930217742919922
0.2518017292022705
0.19040155410766602
0.2519652843475342
0.2399449348449707
0.20138263702392578
0.24939680099487305
0.19440174102783203
0.23862409591674805
0.18688607215881348
0.2377166748046875
0.2304375171661377
0.19191479682922363
0.2369086742401123
0.19035935401916504
0.2335953712463379
0.23068857192993164
0.2674753665924072
0.23447132110595703
0.22310709953308105
0.23811769485473633
0.2166450023651123
0.2371048927307129
0.18840694427490234
0.2421107292175293
0.23564839363098145
0.21582603454589844
0.23122191429138184
0.20858979225158691
0.2266077995300293
0.2245941162109375
0.21668124198913574
0.23481416702270508
0.19986271858215332
0.23824405670166016
0.21078109741210938
0.22088861465454102
0.25989747047424316
0.18419194221496582
0.24985289573669434
0.18790173530578613
0.2493150234222412
0.18179893493652344
0.23356175422668457
0.2343153953552246
0.19309306144714355
0.25159716606140137
0.19229626655578613
0.2362220287322998
0.23038864135742188
0.20406651496887207
0.23825979232788086
0.21303200721740723
0.25971436500549316
0.20697474479675293
0.22766852378845215
0.24972820281982422
0.22011685371398926
0.23394274711608887
0.2039952278137207
0.21753692626953125
0.26819372177124023
0.1831049919128418
0.25786900520324707
0.1922314167022705
0.2520933151245117
0.24736261367797852
0.18831396102905273
0.2586688995361328
0.19216179847717285
0.24524974822998047
0.25687360763549805
0.22154474258422852
0.23747706413269043
0.19046401977539062
0.2516207695007324
0.22974205017089844
0.21483874320983887
0.22579383850097656
0.21880245208740234
0.21930480003356934
0.26810455322265625
0.21230816841125488
0.23117613792419434
0.19008088111877441
0.22489380836486816
0.19954872131347656
0.21723580360412598
0.26794862747192383
0.192277193069458
0.2591228485107422
0.2368762493133545
0.21471357345581055
0.24045419692993164
0.18469882011413574
0.2602248191833496
0.23571324348449707
0.2322688102722168
0.22545909881591797
0.2218468189239502
0.22241783142089844
0.289050817489624
0.2872145175933838
0.23699688911437988
0.21489596366882324
0.24265217781066895
0.2598567008972168
0.22253823280334473
0.23615169525146484
0.22663283348083496
0.23021650314331055
0.24620962142944336
0.19051337242126465
0.2504849433898926
0.2031080722808838
0.22864127159118652
0.26090502738952637
0.20714712142944336
0.2654538154602051
0.2536582946777344
0.20009398460388184
0.24465298652648926
0.20060205459594727
0.24652695655822754
0.2337937355041504
0.21361851692199707
0.22433757781982422
0.26799702644348145
0.18878626823425293
0.2741544246673584
0.23208975791931152
0.2297954559326172
0.2693188190460205
0.19391727447509766
0.2357325553894043
0.1932992935180664
0.266115665435791
0.2604341506958008
0.18559765815734863
0.26521992683410645
0.23090147972106934
0.22717976570129395
0.23876142501831055
0.21091365814208984
0.24588632583618164
0.23262906074523926
0.21174311637878418
0.23984599113464355
0.24589848518371582
0.19245338439941406
0.25362229347229004
0.20228934288024902
0.2481536865234375
0.25716638565063477
0.18845796585083008
0.2541828155517578
0.24660396575927734
0.22586894035339355
0.22823238372802734
0.25667858123779297
0.2303452491760254
0.2315971851348877
0.20441150665283203
0.22525453567504883
0.2486429214477539
0.19595026969909668
0.25896573066711426
0.2727181911468506
0.19003701210021973
0.2469778060913086
0.23530864715576172
0.21828770637512207
0.22936487197875977
0.21114325523376465
0.23134613037109375
0.2402629852294922
0.21455144882202148
0.22863411903381348
0.2515742778778076
0.19698166847229004
0.25129008293151855
0.2605104446411133
0.19990038871765137
0.2367396354675293
0.20756196975708008
0.2573122978210449
0.2358689308166504
0.22214555740356445
0.22574305534362793
0.25075650215148926
0.1910991668701172
0.2425389289855957
0.24371719360351562
0.19490885734558105
0.2646973133087158
0.2403087615966797
0.22166180610656738
0.2524247169494629
0.23586225509643555
0.23688268661499023
0.224808931350708
0.21407270431518555
0.23798108100891113
0.2707095146179199
0.20383286476135254
0.2547008991241455
0.23425006866455078
0.1966559886932373
0.24493193626403809
0.2406606674194336
0.21259355545043945
0.2289590835571289
0.25421595573425293
0.2140350341796875
0.25909852981567383
0.2628183364868164
0.19361495971679688
0.2593364715576172
0.23405933380126953
0.2115802764892578
0.22934436798095703
0.24524998664855957
0.2148451805114746
0.2340385913848877
0.21447300910949707
0.22683453559875488
0.24802732467651367
0.2081468105316162
0.25907468795776367
0.2579536437988281
0.19274044036865234
0.27704620361328125
0.2473452091217041
0.21265363693237305
0.22246980667114258
0.24224424362182617
0.21005463600158691
0.24137043952941895
0.2614445686340332
0.19207406044006348
0.24810218811035156
0.23507261276245117
0.20970463752746582
0.23133277893066406
0.2308502197265625
0.2214500904083252
0.23052191734313965
0.25627732276916504
0.19051599502563477
0.2441713809967041
0.23331546783447266
0.2166304588317871
0.24668240547180176
0.2531158924102783
0.21061396598815918
0.22743535041809082
0.2593677043914795
0.25241851806640625
0.19978737831115723
0.2632145881652832
0.2373216152191162
0.2307908535003662
0.2426300048828125
0.264678955078125
0.20381879806518555
0.2369093894958496
0.26248621940612793
0.19921493530273438
0.2483220100402832
0.2436389923095703
0.20819807052612305
0.2424452304840088
0.2581601142883301
0.2420036792755127
0.2337207794189453
0.26942896842956543
0.19414591789245605
0.2635376453399658
0.26027369499206543
0.21742463111877441
0.26746273040771484
0.23830008506774902
0.20819330215454102
0.25254297256469727
0.24127578735351562
0.22653818130493164
0.2291426658630371
0.27845144271850586
0.22546982765197754
0.2476654052734375
0.2580382823944092
0.2445511817932129
0.19238948822021484
0.23615026473999023
0.23883295059204102
0.1992332935333252
0.25211572647094727
0.25360560417175293
0.21135711669921875
0.26893162727355957
0.2630329132080078
0.2173318862915039
0.260822057723999
0.25713610649108887
0.22145295143127441
0.24333643913269043
0.2740025520324707
0.20982813835144043
0.23023629188537598
0.2708408832550049
0.25637197494506836
0.21914052963256836
0.24339985847473145
0.25239992141723633
0.21698617935180664
0.23241090774536133
0.26428675651550293
0.2346043586730957
0.24938392639160156
0.2583482265472412
0.2507293224334717
0.21175694465637207
0.23905682563781738
0.25413990020751953
0.23177146911621094
0.24576473236083984
0.27106595039367676
0.21036982536315918
0.26308298110961914
0.253772497177124
0.25694823265075684
0.2499830722808838
0.24279284477233887
0.26848483085632324
0.2003159523010254
0.26406168937683105
0.2774238586425781
0.21087121963500977
0.2577683925628662
0.25257325172424316
0.25559473037719727
0.2406466007232666
0.25044703483581543
0.2503390312194824
0.23022794723510742
0.23434853553771973
0.25751256942749023
0.25464296340942383
0.22363018989562988
0.2562716007232666
0.24250245094299316
0.24032092094421387
0.2382652759552002
0.2730753421783447
0.2223219871520996
0.24948787689208984
0.2603790760040283
0.27780866622924805
0.21513986587524414
0.2696559429168701
0.25091981887817383
0.2380671501159668
0.24394822120666504
0.27570581436157227
0.2943136692047119
0.21123814582824707
0.26975536346435547
0.2505977153778076
0.2588334083557129
0.26288747787475586
0.2531428337097168
0.24829888343811035
0.209702730178833
0.25752687454223633
0.27465081214904785
0.2782416343688965
0.21941661834716797
0.2737860679626465
0.25512170791625977
0.22096562385559082
0.23114585876464844
0.26915788650512695
0.28510451316833496
0.21882295608520508
0.26322221755981445
0.2527599334716797
0.20439958572387695
0.2523984909057617
0.24145197868347168
0.27495837211608887
0.2015819549560547
0.24941253662109375
0.25178074836730957
0.24831223487854004
0.23951148986816406
0.2495732307434082
0.255281925201416
0.2276744842529297
0.2306222915649414
0.2565886974334717
0.2523832321166992
0.23009371757507324
0.26685643196105957
0.24578166007995605
0.28565192222595215
0.21675825119018555
0.25876665115356445
0.2697722911834717
0.2101137638092041
0.25613927841186523
0.2738380432128906
0.2445981502532959
0.21607422828674316
0.24491190910339355
0.2693600654602051
0.27828478813171387
0.21711134910583496
0.2783341407775879
0.2442159652709961
0.28345537185668945
0.2305619716644287
0.25064802169799805
0.26697850227355957
0.30932188034057617
0.19899606704711914
0.2501184940338135
0.2386610507965088
0.2869291305541992
0.20792651176452637
0.2847862243652344
0.300861120223999
0.19793343544006348
0.2515559196472168
0.25945591926574707
0.2511906623840332
0.2186720371246338
0.23476099967956543
0.25430822372436523
0.26845598220825195
0.24158596992492676
0.293074369430542
0.24584531784057617
0.27257871627807617
0.2733452320098877
0.24114251136779785
0.25435400009155273
0.26311731338500977
0.22737717628479004
0.23890423774719238
0.2429654598236084
0.28011178970336914
0.25726795196533203
0.24715399742126465
0.2559933662414551
0.2548067569732666
0.2364203929901123
0.26059579849243164
0.24007868766784668
0.27342915534973145
0.20092105865478516
0.26163148880004883
0.2593042850494385
0.25202059745788574
0.22118115425109863
0.25524187088012695
0.2419600486755371
0.26657629013061523
0.24835634231567383
0.23193693161010742
0.2723348140716553
0.2608506679534912
0.3142216205596924
0.209824800491333
0.286820650100708
0.28408193588256836
0.25406837463378906
0.20660638809204102
0.24352240562438965
0.2764894962310791
0.3049192428588867
0.23531794548034668
0.2934577465057373
0.29401159286499023
0.24939966201782227
0.22608733177185059
0.26204729080200195
0.25123047828674316
0.26908016204833984
0.2077016830444336
0.2529897689819336
0.2673804759979248
0.2506697177886963
0.31101322174072266
0.2491466999053955
0.2782320976257324
0.27556371688842773
0.28014135360717773
0.20097684860229492
0.26482725143432617
0.24264168739318848
0.2818567752838135
0.2280564308166504
0.27274036407470703
0.29950785636901855
0.2766377925872803
0.2524857521057129
0.2291569709777832
0.24517488479614258
0.26466989517211914
0.28250789642333984
0.23124194145202637
0.24164652824401855
0.2729318141937256
0.2459714412689209
0.25513458251953125
0.24243807792663574
0.2786438465118408
0.3053896427154541
0.30278968811035156
0.24315094947814941
0.25565052032470703
0.30203771591186523
0.27791500091552734
0.30394911766052246
0.24114322662353516
0.2719132900238037
0.27719807624816895
0.25660133361816406
0.20494532585144043
0.2711448669433594
0.24823212623596191
0.2622387409210205
0.2906961441040039
0.2048814296722412
0.26544880867004395
0.267916202545166
0.263031005859375
0.22201824188232422
0.2434215545654297
0.28112196922302246
0.279069185256958
0.25080299377441406
0.24169421195983887
0.248337984085083
0.2576289176940918
0.28102898597717285
0.26966142654418945
0.20626544952392578
0.2709944248199463
0.24581003189086914
0.2901344299316406
0.2630879878997803
0.26731300354003906
0.2805137634277344
0.2764556407928467
0.27732205390930176
0.23134851455688477
0.24207091331481934
0.29554033279418945
0.29580140113830566
0.299846887588501
0.24870848655700684
0.3150646686553955
0.2778496742248535
0.2870938777923584
0.2934579849243164
0.21552491188049316
0.27301788330078125
0.2783808708190918
0.2524588108062744
0.3009650707244873
0.2525806427001953
0.2516593933105469
0.259171724319458
0.2913334369659424
0.2922215461730957
0.24591755867004395
0.3003270626068115
0.2519207000732422
0.24928975105285645
0.29553651809692383
0.2058107852935791
0.27457380294799805
0.25012946128845215
0.274078369140625
0.2886779308319092
0.20937824249267578
0.26540541648864746
0.2715568542480469
0.28893136978149414
0.3011972904205322
0.21672344207763672
0.26363444328308105
0.2662544250488281
0.29253482818603516
0.28602051734924316
0.29415154457092285
0.25130462646484375
0.24935078620910645
0.28871655464172363
0.31582212448120117
0.29248881340026855
0.265247106552124
0.2784276008605957
0.2513911724090576
0.2543632984161377
0.26125264167785645
0.2067875862121582
0.28180646896362305
0.24816107749938965
0.2746307849884033
0.2725837230682373
0.2635371685028076
0.2622554302215576
0.27687525749206543
0.24692678451538086
0.2765998840332031
0.2633540630340576
0.2486858367919922
0.26960182189941406
0.2807185649871826
0.2881157398223877
0.28988122940063477
0.27485108375549316
0.21794366836547852
0.27134275436401367
0.2655141353607178
0.28188586235046387
0.28885984420776367
0.20982050895690918
0.2967679500579834
0.3017761707305908
0.2796812057495117
0.2625126838684082
0.2780742645263672
0.2116842269897461
0.26326966285705566
0.30065178871154785
0.3017878532409668
0.2537555694580078
0.28667378425598145
0.2079472541809082
0.2602574825286865
0.27713704109191895
0.25813913345336914
0.2823190689086914
0.27431654930114746
0.21343421936035156
0.2711329460144043
0.25250840187072754
0.28060197830200195
0.3119974136352539
0.30690860748291016
0.2182154655456543
0.2758455276489258
0.2555105686187744
0.3049445152282715
0.29363417625427246
0.2755711078643799
0.22278118133544922
0.26814723014831543
0.24976491928100586
0.30449938774108887
0.30235791206359863
0.27332377433776855
0.23177814483642578
0.268235445022583
0.24985837936401367
0.28194713592529297
0.3124217987060547
0.30106210708618164
0.22539663314819336
0.2879352569580078
0.254504919052124
0.28116774559020996
0.3174431324005127
0.2861909866333008
0.23055052757263184
0.28518223762512207
0.2776820659637451
0.3032064437866211
0.31731343269348145
0.3157048225402832
0.3052089214324951
0.253157377243042
0.2593960762023926
0.2550086975097656
0.31520795822143555
0.31557369232177734
0.298825740814209
0.22221779823303223
0.26682376861572266
0.25170421600341797
0.2604537010192871
0.278090238571167
0.25935792922973633
0.31099367141723633
0.230698823928833
0.28415918350219727
0.2837858200073242
0.2830979824066162
0.2665984630584717
0.2921121120452881
0.29005002975463867
0.22925615310668945
0.2519519329071045
0.2799685001373291
0.26334643363952637
0.3254663944244385
0.29088282585144043
0.30566954612731934
0.21100354194641113
0.27901506423950195
0.25013303756713867
0.31865978240966797
0.3078157901763916
0.29671502113342285
0.2771944999694824
0.2461073398590088
0.24857783317565918
0.2846837043762207
0.3006923198699951
0.3148841857910156
0.2984321117401123
0.29085469245910645
0.21932244300842285
0.2696201801300049
0.2848682403564453
0.2898743152618408
0.26332664489746094
0.3224313259124756
0.28325414657592773
0.22504973411560059
0.27502870559692383
0.2833549976348877
0.29477834701538086
0.32056498527526855
0.2974851131439209
0.2791938781738281
0.2889983654022217
0.2483668327331543
0.29697751998901367
0.28084731101989746
0.2746448516845703
0.27546095848083496
0.2891707420349121
0.32518863677978516
0.21963906288146973
0.2945377826690674
0.29976439476013184
0.27999281883239746
0.25756049156188965
0.2979917526245117
0.27041029930114746
0.2806556224822998
0.27419090270996094
0.30678510665893555
0.28631162643432617
0.26825714111328125
0.2727773189544678
0.2725348472595215
0.3157467842102051
0.3000631332397461
0.247633695602417
0.26515698432922363
0.2967689037322998
0.30370044708251953
0.30002784729003906
0.29587388038635254
0.30266380310058594
0.2807960510253906
0.2816014289855957
0.28021240234375
0.30628275871276855
0.26913881301879883
0.28301548957824707
0.3138258457183838
0.2616257667541504
0.3290262222290039
0.29044055938720703
0.23642873764038086
0.25789928436279297
0.28068017959594727
0.25519776344299316
0.2686913013458252
0.26079297065734863
0.2709157466888428
0.31134486198425293
0.2907400131225586
0.27321934700012207
0.24983882904052734
0.2660079002380371
0.2657594680786133
0.30895018577575684
0.30471181869506836
0.3056480884552002
0.3200552463531494
0.319873571395874
0.33710622787475586
0.2236473560333252
0.28199148178100586
0.2714047431945801
0.27079081535339355
0.2816498279571533
0.3052499294281006
0.26506781578063965
0.32569384574890137
0.3007965087890625
0.2268238067626953
0.2499220371246338
0.27843379974365234
0.25502753257751465
0.2930784225463867
0.26280689239501953
0.28953027725219727
0.2964766025543213
0.28894543647766113
0.27144861221313477
0.25351691246032715
0.25519466400146484
0.3166477680206299
0.284008264541626
0.2937631607055664
0.26593708992004395
0.310866117477417
0.31537747383117676
0.31795787811279297
0.28884243965148926
0.31432151794433594
0.24965763092041016
0.26583027839660645
0.2731626033782959
0.2816603183746338
0.26256632804870605
0.27159643173217773
0.2721526622772217
0.2960939407348633
0.31236720085144043
0.3102407455444336
0.2166759967803955
0.28523945808410645
0.29067420959472656
0.33129382133483887
0.29128527641296387
0.32296085357666016
0.32049059867858887
0.32967710494995117
0.3075523376464844
0.3203573226928711
0.32311415672302246
0.2971327304840088
0.21999406814575195
0.2896850109100342
0.27418947219848633
0.2700021266937256
0.27647900581359863
0.3155477046966553
0.27456116676330566
0.2752034664154053
0.266890287399292
0.28564977645874023
0.3089773654937744
0.29907941818237305
0.24771690368652344
0.31894373893737793
0.2848386764526367
0.28667497634887695
0.302370548248291
0.3169972896575928
0.3000004291534424
0.3093879222869873
0.30144429206848145
0.34166789054870605
0.3201136589050293
0.31018590927124023
0.3202235698699951
0.2616581916809082
0.2825961112976074
0.27484750747680664
0.27651000022888184
0.30741286277770996
0.2927405834197998
0.3053860664367676
0.2935163974761963
0.3320627212524414
0.3031759262084961
0.30606603622436523
0.29035401344299316
0.2876300811767578
0.2984015941619873
0.26528263092041016
0.2608487606048584
0.29488420486450195
0.29857301712036133
0.2756989002227783
0.26921892166137695
0.28931283950805664
0.29518747329711914
0.29712843894958496
0.30852389335632324
0.3242321014404297
0.3199586868286133
0.31452393531799316
0.3153533935546875
0.31397223472595215
0.2191774845123291
0.26093506813049316
0.256528377532959
0.2677772045135498
0.3028998374938965
0.27513575553894043
0.2818276882171631
0.30121731758117676
0.28948092460632324
0.29579591751098633
0.2946181297302246
0.30248260498046875
0.29908013343811035
0.28994202613830566
0.30408787727355957
0.3150455951690674
0.292374849319458
0.2866084575653076
0.25232696533203125
0.27967071533203125
0.2801942825317383
0.28540778160095215
0.274707555770874
0.2799868583679199
0.2946889400482178
0.298245906829834
0.29411935806274414
0.2757706642150879
0.30942726135253906
0.3023872375488281
0.285214900970459
0.2955636978149414
0.290027379989624
0.2912559509277344
0.3055253028869629
0.31586241722106934
0.3125014305114746
0.24407958984375
0.2981443405151367
0.30758118629455566
0.27726149559020996
0.28838157653808594
0.3016653060913086
0.28389883041381836
0.2801179885864258
0.30333685874938965
0.297607421875
0.2809264659881592
0.30254459381103516
0.2981903553009033
0.31586408615112305
0.28893041610717773
0.3018476963043213
0.3154442310333252
0.3027646541595459
0.2950291633605957
0.3203697204589844
0.31870317459106445
0.3063986301422119
0.29613542556762695
0.30660152435302734
0.23280978202819824
0.27355217933654785
0.28423619270324707
0.31352806091308594
0.28264570236206055
0.29869723320007324
0.3091859817504883
0.3040757179260254
0.27880215644836426
0.29820680618286133
0.30042052268981934
0.2834460735321045
0.29175281524658203
0.30646419525146484
0.2963089942932129
0.28653407096862793
0.28592872619628906
0.3047809600830078
0.31792688369750977
0.28368616104125977
0.3076798915863037
0.3160676956176758
0.2984302043914795
0.2917213439941406
0.3143594264984131
0.3265717029571533
0.3038942813873291
0.31151580810546875
0.32639622688293457
0.32738161087036133
0.30238914489746094
0.24134302139282227
0.27333903312683105
0.27992916107177734
0.2859957218170166
0.29511022567749023
0.3090932369232178
0.27590012550354004
0.3023488521575928
0.29974913597106934
0.2951700687408447
0.2760756015777588
0.30692243576049805
0.4578125476837158
0.34640073776245117
0.31853461265563965
0.2801828384399414
0.2906789779663086
0.29451584815979004
0.30207037925720215
0.28599095344543457
0.2815401554107666
0.2903115749359131
0.2836925983428955
0.28348302841186523
0.29250264167785645
0.2842118740081787
0.29036450386047363
0.301577091217041
0.309201717376709
0.2790510654449463
0.2751588821411133
0.299241304397583
0.2843647003173828
0.2914314270019531
0.34119439125061035
0.2978484630584717
0.2869718074798584
0.2938227653503418
0.3068714141845703
0.3073549270629883
0.2798914909362793
0.3166196346282959
0.2971639633178711
0.28691720962524414
0.2956199645996094
0.2933921813964844
0.29470205307006836
0.3343632221221924
0.26387691497802734
0.3050804138183594
0.2817652225494385
0.28757429122924805
0.30313706398010254
0.28818225860595703
0.2843437194824219
0.283219575881958
0.3599119186401367
0.26036572456359863
0.2975485324859619
0.2955911159515381
0.29050326347351074
0.27956700325012207
0.29579997062683105
0.2977573871612549
0.3442709445953369
0.2593998908996582
0.31075286865234375
0.3014092445373535
0.2956836223602295
0.2891659736633301
0.3036956787109375
0.36480188369750977
0.24686002731323242
0.27921271324157715
0.308011531829834
0.28310728073120117
0.3566548824310303
0.2578856945037842
0.31217002868652344
0.3117363452911377
0.26592254638671875
0.3723452091217041
0.2611382007598877
0.2853717803955078
0.28111886978149414
0.3109862804412842
0.3458099365234375
0.2514827251434326
0.2977290153503418
0.2933461666107178
0.38276147842407227
0.25232839584350586
0.313201904296875
0.38568758964538574
0.27153754234313965
0.29055261611938477
0.28258371353149414
0.33413171768188477
0.2602376937866211
0.30510401725769043
0.27840662002563477
0.3488922119140625
0.26059412956237793
0.2742488384246826
0.27845239639282227
0.3619241714477539
