3.600120544433594e-05
0.00012040138244628906
0.0001399517059326172
0.00013947486877441406
0.0001773834228515625
0.0001900196075439453
0.0002448558807373047
0.0003809928894042969
0.0006361007690429688
0.00034546852111816406
0.00036907196044921875
0.00045609474182128906
0.000469207763671875
0.0004456043243408203
0.0004961490631103516
0.0005047321319580078
0.0006577968597412109
0.0006289482116699219
0.0006153583526611328
0.0006620883941650391
0.0007483959197998047
0.0008096694946289062
0.0009140968322753906
0.0007612705230712891
0.0008220672607421875
0.0015130043029785156
0.0008635520935058594
0.001775503158569336
0.0008995532989501953
0.001703500747680664
0.0010600090026855469
0.001074075698852539
0.0010111331939697266
0.001138448715209961
0.0010721683502197266
0.0015332698822021484
0.0016906261444091797
0.0014965534210205078
0.0015163421630859375
0.0020461082458496094
0.0014910697937011719
0.0018951892852783203
0.0014824867248535156
0.0014138221740722656
0.0017533302307128906
0.0014750957489013672
0.001497507095336914
0.0015342235565185547
0.002019643783569336
0.0017859935760498047
0.0016126632690429688
0.002341032028198242
0.0018863677978515625
0.0018360614776611328
0.0018048286437988281
0.001795053482055664
0.0019664764404296875
0.0030112266540527344
0.00188446044921875
0.0027916431427001953
0.002132415771484375
0.0019960403442382812
0.0020351409912109375
0.0020792484283447266
0.002075672149658203
0.002267122268676758
0.002262115478515625
0.0021467208862304688
0.0032525062561035156
0.002257108688354492
0.0031766891479492188
0.002474546432495117
0.002451181411743164
0.003445863723754883
0.0026640892028808594
0.0027790069580078125
0.0033850669860839844
0.0024843215942382812
0.002621173858642578
0.0025696754455566406
0.0025937557220458984
0.003670930862426758
0.004271268844604492
0.0026810169219970703
0.002707958221435547
0.002943754196166992
0.003102540969848633
0.0028197765350341797
0.004030466079711914
0.0028879642486572266
0.0030248165130615234
0.002962827682495117
0.005071163177490234
0.0029020309448242188
0.004486560821533203
0.0040607452392578125
0.0031626224517822266
0.003040790557861328
0.004951953887939453
0.004105806350708008
0.005205869674682617
0.003448963165283203
0.003568887710571289
0.004637002944946289
0.0037467479705810547
0.008969783782958984
0.0037021636962890625
0.003671884536743164
0.0034537315368652344
0.006545066833496094
0.003846406936645508
0.009618759155273438
0.007136106491088867
0.0060727596282958984
0.006091117858886719
0.0042972564697265625
0.007952451705932617
0.00541996955871582
0.0036880970001220703
0.004663228988647461
0.005097150802612305
0.004413604736328125
0.004261970520019531
0.004206657409667969
0.004083156585693359
0.004103899002075195
0.004057407379150391
0.0054285526275634766
0.007004976272583008
0.004111289978027344
0.004169464111328125
0.005615234375
0.0053484439849853516
0.005667924880981445
0.0057146549224853516
0.004846334457397461
0.0043184757232666016
0.006196498870849609
0.008394956588745117
0.0071773529052734375
0.007168292999267578
0.0051555633544921875
0.007325172424316406
0.014857769012451172
0.00646662712097168
0.009466171264648438
0.010237455368041992
0.0076961517333984375
0.005231142044067383
0.008566856384277344
0.006493806838989258
0.008145809173583984
0.005164384841918945
0.005869150161743164
0.005320310592651367
0.005353212356567383
0.007382392883300781
0.006224632263183594
0.007009267807006836
0.0057048797607421875
0.00850057601928711
0.005858182907104492
0.007025003433227539
0.01004648208618164
0.012418508529663086
0.01599431037902832
0.016059398651123047
0.02402043342590332
0.008445262908935547
0.01684880256652832
0.008113384246826172
0.007820606231689453
0.008729219436645508
0.007893085479736328
0.00783085823059082
0.007455110549926758
0.006872415542602539
0.008928298950195312
0.008043289184570312
0.010338306427001953
0.00866389274597168
0.006205320358276367
0.0057659149169921875
0.0068471431732177734
0.0063991546630859375
0.009086847305297852
0.007773876190185547
0.010363340377807617
0.02870655059814453
0.014913797378540039
0.014075517654418945
0.008575916290283203
0.016747474670410156
0.006981372833251953
0.006738901138305664
0.010046720504760742
0.006522178649902344
0.010493040084838867
0.008133172988891602
0.007779598236083984
0.007559537887573242
0.009555339813232422
0.008880376815795898
0.008223772048950195
0.009599685668945312
0.008878946304321289
0.0075685977935791016
0.007491350173950195
0.010220050811767578
0.006964206695556641
0.016245603561401367
0.015640974044799805
0.016900300979614258
0.03377366065979004
0.010318994522094727
0.009414434432983398
0.007221221923828125
0.0071561336517333984
0.011116743087768555
0.008974790573120117
0.009333133697509766
0.009484529495239258
0.009388923645019531
0.008560657501220703
0.01477503776550293
0.007064342498779297
0.008797645568847656
0.007567644119262695
0.009911775588989258
0.009158849716186523
0.01142740249633789
0.01250600814819336
0.013047933578491211
0.012144804000854492
0.013748407363891602
0.01628875732421875
0.019077301025390625
0.010645627975463867
0.009357929229736328
0.014245986938476562
0.008695363998413086
0.010181188583374023
0.011135578155517578
0.00906062126159668
0.008805990219116211
0.010498046875
0.01204991340637207
0.011467218399047852
0.013187170028686523
0.013661623001098633
0.009795665740966797
0.012235164642333984
0.019756793975830078
0.010684490203857422
0.013216018676757812
0.013514518737792969
0.013780593872070312
0.010318994522094727
0.011803865432739258
0.01633739471435547
0.015707015991210938
0.015536069869995117
0.013824939727783203
0.013204813003540039
0.01292562484741211
0.020602703094482422
0.011516332626342773
0.01345372200012207
0.013627052307128906
0.01423501968383789
0.014097929000854492
0.012541055679321289
0.012074947357177734
0.014975786209106445
0.016756296157836914
0.02357006072998047
0.013548612594604492
0.016626596450805664
0.012488365173339844
0.016687631607055664
0.018144845962524414
0.014204263687133789
0.012515544891357422
0.010861635208129883
0.012237071990966797
0.011645078659057617
0.012627601623535156
0.011301755905151367
0.014227628707885742
0.015011310577392578
0.013772010803222656
0.015038490295410156
0.01845264434814453
0.013960599899291992
0.01446533203125
0.011301040649414062
0.010918855667114258
0.013644218444824219
0.012465715408325195
0.017709732055664062
0.016909360885620117
0.022472858428955078
0.013969659805297852
0.012334108352661133
0.016643047332763672
0.020490169525146484
0.01836252212524414
0.016971588134765625
0.016113996505737305
0.02039647102355957
0.01677107810974121
0.012850284576416016
0.015844106674194336
0.012520313262939453
0.014699697494506836
0.012748479843139648
0.014397621154785156
0.013304710388183594
0.013648748397827148
0.016078948974609375
0.013178110122680664
0.013081550598144531
0.013322591781616211
0.013121366500854492
0.013843297958374023
0.02658557891845703
0.021984338760375977
0.019257307052612305
0.019169092178344727
0.015508174896240234
0.013821840286254883
0.023556947708129883
0.02470850944519043
0.01841449737548828
0.01797962188720703
0.019541025161743164
0.0154876708984375
0.028827667236328125
0.021383047103881836
0.01710653305053711
0.013369560241699219
0.017964839935302734
0.01554560661315918
0.014440536499023438
0.012615442276000977
0.014652013778686523
0.015542030334472656
0.01471853256225586
0.01683664321899414
0.01589345932006836
0.015661239624023438
0.01415252685546875
0.021186113357543945
0.030588626861572266
0.021836042404174805
0.023152589797973633
0.016399145126342773
0.02348780632019043
0.03595376014709473
0.041383981704711914
0.01577591896057129
0.01718902587890625
0.017879009246826172
0.02716517448425293
0.01923084259033203
0.020788192749023438
0.01934075355529785
0.02207660675048828
0.01926422119140625
0.015590906143188477
0.018537282943725586
0.022362232208251953
0.016137361526489258
0.013514280319213867
0.014850616455078125
0.013634681701660156
0.013265132904052734
0.015462160110473633
0.015385150909423828
0.018799543380737305
0.02170252799987793
0.015892505645751953
0.019418001174926758
0.015315532684326172
0.017604827880859375
0.01804947853088379
0.013883590698242188
0.021551132202148438
0.01730799674987793
0.020353317260742188
0.016357898712158203
0.01638317108154297
0.016554594039916992
0.014994621276855469
0.02123260498046875
0.017195463180541992
0.020994901657104492
0.022071361541748047
0.03325653076171875
0.01613306999206543
0.017038583755493164
0.024904489517211914
0.016999483108520508
0.019657373428344727
0.018687725067138672
0.0234982967376709
0.07130885124206543
0.05090498924255371
0.06748819351196289
0.04157614707946777
0.029158592224121094
0.026795387268066406
0.02093338966369629
0.01925492286682129
0.01729440689086914
0.019672870635986328
0.017299652099609375
0.02335643768310547
0.019713401794433594
0.018998146057128906
0.01954793930053711
0.017834186553955078
0.03298044204711914
0.045142173767089844
0.03237628936767578
0.026355743408203125
0.017617464065551758
0.018645524978637695
0.019083499908447266
0.021863937377929688
0.04379844665527344
0.038323163986206055
0.023931503295898438
0.023819446563720703
0.04768633842468262
0.028964996337890625
0.028048038482666016
0.01819157600402832
0.019526958465576172
0.022397279739379883
0.01765298843383789
0.022001981735229492
0.030336380004882812
0.018573999404907227
0.01830911636352539
0.020209074020385742
0.023747682571411133
0.020061731338500977
0.023926496505737305
0.03610730171203613
0.028777122497558594
0.03275132179260254
0.02802133560180664
0.025525808334350586
0.023003578186035156
0.024918079376220703
0.023668527603149414
0.021013498306274414
0.024977684020996094
0.019643783569335938
0.020746946334838867
0.030251502990722656
0.027450084686279297
0.04554462432861328
0.04732966423034668
0.03601193428039551
0.035083770751953125
0.0515599250793457
0.03214240074157715
0.02765202522277832
0.028059959411621094
0.04800057411193848
0.07339906692504883
0.08466196060180664
0.04139900207519531
0.03769826889038086
0.03155517578125
0.039740562438964844
0.03377795219421387
0.03224754333496094
0.024292707443237305
0.03112196922302246
0.02455615997314453
0.02731776237487793
0.0248868465423584
0.04159379005432129
0.033011674880981445
0.026859521865844727
0.03906106948852539
0.024147510528564453
0.03316664695739746
0.042276859283447266
0.02629256248474121
0.024982929229736328
0.02153778076171875
0.018969297409057617
0.019388914108276367
0.02364826202392578
0.02173304557800293
0.022036314010620117
0.01837015151977539
0.025012731552124023
0.028754711151123047
0.03950619697570801
0.06972336769104004
0.04249262809753418
0.04030752182006836
0.03587698936462402
0.03972148895263672
0.02865004539489746
0.05562996864318848
0.031225919723510742
0.04924726486206055
0.04280281066894531
0.029954195022583008
0.025304079055786133
0.024652719497680664
0.020039796829223633
0.0207366943359375
0.02574920654296875
0.021872520446777344
0.020605802536010742
0.0236203670501709
0.045238494873046875
0.0442352294921875
0.02712416648864746
0.02086353302001953
0.02178788185119629
0.02315378189086914
0.026299476623535156
0.02197432518005371
0.02331709861755371
0.0245053768157959
0.02530384063720703
0.02437758445739746
0.03362274169921875
0.05612683296203613
0.04040884971618652
0.03743338584899902
0.03163266181945801
0.027928829193115234
0.024128198623657227
0.023512601852416992
0.021942615509033203
0.023954391479492188
0.03337454795837402
0.08494114875793457
0.06646561622619629
0.04917192459106445
0.03385591506958008
0.041036367416381836
0.02997732162475586
0.031409263610839844
0.03621554374694824
0.04782462120056152
0.029228925704956055
0.02296137809753418
0.022327661514282227
0.022904157638549805
0.022695302963256836
0.02659463882446289
0.02238154411315918
0.02070307731628418
0.022233009338378906
0.02464127540588379
0.028007030487060547
0.04234766960144043
0.03473997116088867
0.03893923759460449
0.04716038703918457
0.06184864044189453
0.031743764877319336
0.04863429069519043
0.034478187561035156
0.056638479232788086
0.049405813217163086
0.02664041519165039
0.02362847328186035
0.02785634994506836
0.02637958526611328
0.024055004119873047
0.023027896881103516
0.022943496704101562
0.0204010009765625
0.03526902198791504
0.04949688911437988
0.03091144561767578
0.026876211166381836
0.02498626708984375
0.0301513671875
0.024198532104492188
0.0255739688873291
0.024509668350219727
0.030761003494262695
0.023593664169311523
0.023806333541870117
0.024610042572021484
0.03879976272583008
0.047383785247802734
0.024532318115234375
0.023752689361572266
0.027502059936523438
0.03282451629638672
0.023933887481689453
0.02294182777404785
0.021059751510620117
0.028376340866088867
0.044548749923706055
0.03268146514892578
0.02553391456604004
0.0264742374420166
0.03064560890197754
0.02334141731262207
0.0248410701751709
0.023839235305786133
0.024278640747070312
0.030771732330322266
0.02302408218383789
0.0272064208984375
0.025236129760742188
0.05096292495727539
0.025658845901489258
0.023588180541992188
0.024587154388427734
0.027313947677612305
0.02959156036376953
0.027074575424194336
0.02657294273376465
0.024438142776489258
0.0327448844909668
0.024111270904541016
0.027442455291748047
0.031905412673950195
0.08435416221618652
0.03274130821228027
0.02840423583984375
0.025738239288330078
0.023183107376098633
0.028873920440673828
0.022766828536987305
0.022570133209228516
0.023148775100708008
0.03884601593017578
0.048987388610839844
0.028197288513183594
0.030238866806030273
0.036301374435424805
0.029213666915893555
0.027350664138793945
0.02501988410949707
0.03351116180419922
0.02845931053161621
0.03249812126159668
0.03585505485534668
0.07835507392883301
0.036113739013671875
0.03125739097595215
0.025648832321166992
0.028825998306274414
0.030148029327392578
0.029234647750854492
0.025483369827270508
0.032898902893066406
0.03619790077209473
0.04725480079650879
0.037206411361694336
0.02960062026977539
0.03354001045227051
0.027430295944213867
0.026845932006835938
0.03448653221130371
0.02605748176574707
0.034775495529174805
0.02665424346923828
0.028077363967895508
0.039456844329833984
0.09295344352722168
0.03254294395446777
0.03424859046936035
0.0257108211517334
0.02653336524963379
0.02551579475402832
0.03561711311340332
0.025918006896972656
0.02704906463623047
0.03328132629394531
0.05743718147277832
0.030511140823364258
0.028867721557617188
0.02748894691467285
0.03917813301086426
0.02824568748474121
0.028649091720581055
0.028378725051879883
0.03469109535217285
0.0302274227142334
0.034658193588256836
0.052412986755371094
0.046448469161987305
0.028981447219848633
0.031217098236083984
0.02573537826538086
0.03125476837158203
0.025340557098388672
0.03186297416687012
0.025905609130859375
0.0436251163482666
0.032250165939331055
0.04282522201538086
0.026395082473754883
0.03719329833984375
0.026244640350341797
0.031514883041381836
0.03303194046020508
0.02857232093811035
0.027616262435913086
0.02722311019897461
0.04285073280334473
0.04787015914916992
0.04296708106994629
0.030179500579833984
0.03854084014892578
0.0287783145904541
0.032831430435180664
0.03649544715881348
0.03253006935119629
0.028601646423339844
0.02976226806640625
0.037636518478393555
0.04593849182128906
0.03764486312866211
0.0331423282623291
0.032044172286987305
0.027370691299438477
0.029163599014282227
0.029016494750976562
0.03248167037963867
0.02722477912902832
0.03229832649230957
0.05186963081359863
0.03981781005859375
0.029704809188842773
0.02871084213256836
0.03693890571594238
0.031124591827392578
0.029690027236938477
0.03436589241027832
0.027840137481689453
0.028072595596313477
0.029970645904541016
0.09958243370056152
0.05507946014404297
0.034592628479003906
0.036847591400146484
0.030060768127441406
0.029416799545288086
0.030225753784179688
0.0545651912689209
0.04321146011352539
0.03742170333862305
0.040160417556762695
0.03725934028625488
0.02813720703125
0.030866622924804688
0.03902745246887207
0.032732486724853516
0.0304718017578125
0.0652768611907959
0.03753471374511719
0.05297064781188965
0.039823293685913086
0.04507017135620117
0.031059980392456055
0.029846906661987305
0.0356748104095459
0.030369043350219727
0.03037238121032715
0.0585329532623291
0.06824135780334473
0.03295755386352539
0.03118896484375
0.040659189224243164
0.029206037521362305
0.029245853424072266
0.029844999313354492
0.03798270225524902
0.03709292411804199
0.038866519927978516
0.040555715560913086
0.031200170516967773
0.03239846229553223
0.040796756744384766
0.03052067756652832
0.029923439025878906
0.032503604888916016
0.043811798095703125
0.054154396057128906
0.03791069984436035
0.044454097747802734
0.03131914138793945
0.0302581787109375
0.03806614875793457
0.036748409271240234
0.0304715633392334
0.03420424461364746
0.04333329200744629
0.05808687210083008
0.0414121150970459
0.04793500900268555
0.034646034240722656
0.03407716751098633
0.04473423957824707
0.03328084945678711
0.03582167625427246
0.04624128341674805
0.04460930824279785
0.03824639320373535
0.03359246253967285
0.041855812072753906
0.03206825256347656
0.03276348114013672
0.04780316352844238
0.03141188621520996
0.05344748497009277
0.04418301582336426
0.03288555145263672
0.034725189208984375
0.030917882919311523
0.038805246353149414
0.03291940689086914
0.054840803146362305
0.07779407501220703
0.05452728271484375
0.0484919548034668
0.06499743461608887
0.03925037384033203
0.03980875015258789
0.09676599502563477
0.06000995635986328
0.03959918022155762
0.04212212562561035
0.033835411071777344
0.03243398666381836
0.0673518180847168
0.04385638236999512
0.03507637977600098
0.03181099891662598
0.0385134220123291
0.03405117988586426
0.034554243087768555
0.03990292549133301
0.033921003341674805
0.051340579986572266
0.05103778839111328
0.03822517395019531
0.03472781181335449
0.040418386459350586
0.03106689453125
0.03495073318481445
0.051192522048950195
0.045121192932128906
0.05997610092163086
0.05141091346740723
0.035880088806152344
0.052133798599243164
0.05192852020263672
0.04169130325317383
0.033907413482666016
0.0692598819732666
0.03687548637390137
0.037160634994506836
0.04277229309082031
0.03212404251098633
0.033606529235839844
0.03971076011657715
0.03895902633666992
0.03487539291381836
0.06697940826416016
0.039305925369262695
0.0386965274810791
0.042899370193481445
0.03348946571350098
0.03514814376831055
0.04161834716796875
0.03436851501464844
0.03429865837097168
0.06895184516906738
0.04605221748352051
0.04104304313659668
0.049985408782958984
0.035750627517700195
0.03877711296081543
0.04410123825073242
0.0376124382019043
0.0466916561126709
0.05990767478942871
0.037061214447021484
0.03604722023010254
0.042077064514160156
0.0337824821472168
0.03584122657775879
0.043758392333984375
0.040230751037597656
0.040007829666137695
0.05770301818847656
0.038375139236450195
0.04093503952026367
0.042955875396728516
0.036203861236572266
0.03496575355529785
0.045366764068603516
0.036057472229003906
0.05204057693481445
0.048425912857055664
0.03671765327453613
0.05378270149230957
0.0348665714263916
0.03826093673706055
0.04759049415588379
0.04272103309631348
0.05408835411071777
0.05285525321960449
0.035433292388916016
0.037462472915649414
0.04477286338806152
0.03506588935852051
0.03595781326293945
0.044952392578125
0.04645705223083496
0.04549145698547363
0.04394936561584473
0.03683137893676758
0.038745880126953125
0.039788007736206055
0.033580780029296875
0.047086477279663086
0.03669261932373047
0.046509742736816406
0.054955482482910156
0.038411617279052734
0.03630638122558594
0.04523587226867676
0.0360569953918457
0.035187721252441406
0.04322171211242676
0.05312371253967285
0.041915178298950195
0.046875715255737305
0.03604531288146973
0.04801464080810547
0.03743600845336914
0.03814220428466797
0.05835413932800293
0.05225038528442383
0.038802146911621094
0.0483701229095459
0.036673545837402344
0.03748178482055664
0.04070162773132324
0.03741955757141113
0.044554710388183594
0.03646135330200195
0.07337093353271484
0.050574302673339844
0.037914276123046875
0.03935360908508301
0.051383018493652344
0.03842043876647949
0.05007338523864746
0.06144213676452637
0.04308009147644043
0.04976034164428711
0.040932416915893555
0.03686690330505371
0.04425334930419922
0.03833937644958496
0.05392193794250488
0.03830528259277344
0.06276822090148926
0.05547308921813965
0.038213253021240234
0.03986763954162598
0.04862332344055176
0.038004398345947266
0.050405263900756836
0.04210782051086426
0.04852581024169922
0.05370306968688965
0.036520957946777344
0.0382080078125
0.0468137264251709
0.03714418411254883
0.0471343994140625
0.03747248649597168
0.06278848648071289
0.05571341514587402
0.03998303413391113
0.04068470001220703
0.045096635818481445
0.037629127502441406
0.04679107666015625
0.040612220764160156
0.05592751502990723
0.05612969398498535
0.04029512405395508
0.04191732406616211
0.044599294662475586
0.037044525146484375
0.04718327522277832
0.0441136360168457
0.05444931983947754
0.0545351505279541
0.03846621513366699
0.04825258255004883
0.04196763038635254
0.03837418556213379
0.04721212387084961
0.0584864616394043
0.057340383529663086
0.0406494140625
0.0382080078125
0.04913163185119629
0.03728318214416504
0.03956961631774902
0.051085710525512695
0.05885648727416992
0.06348133087158203
0.04257845878601074
0.04135894775390625
0.04435443878173828
0.039009809494018555
0.04559588432312012
0.055054426193237305
0.04689311981201172
0.04953360557556152
0.03987002372741699
0.0513002872467041
0.04101228713989258
0.04069352149963379
0.06266093254089355
0.05134248733520508
0.04954862594604492
0.04012632369995117
0.0399477481842041
0.04483151435852051
0.0379030704498291
0.05378150939941406
0.05341911315917969
0.05861210823059082
0.04274272918701172
0.044744253158569336
0.048244476318359375
0.04005169868469238
0.05034208297729492
0.04060006141662598
0.06438446044921875
0.05347633361816406
0.04358863830566406
0.052521467208862305
0.04422879219055176
0.038971662521362305
0.050597190856933594
0.06300544738769531
0.05936789512634277
0.04151773452758789
0.03984999656677246
0.052184104919433594
0.04071760177612305
0.048883676528930664
0.042827606201171875
0.05455327033996582
0.054590702056884766
0.04107546806335449
0.050061941146850586
0.04297518730163574
0.05068659782409668
0.05168414115905762
0.04556012153625488
0.0664975643157959
0.04390978813171387
0.056557655334472656
0.04126119613647461
0.040277719497680664
0.04980635643005371
0.04089927673339844
0.07612752914428711
0.05052065849304199
0.04285573959350586
0.04956245422363281
0.04150199890136719
0.05173230171203613
0.04309678077697754
0.07761979103088379
0.05399799346923828
0.04288840293884277
0.054203033447265625
0.04362893104553223
0.0538637638092041
0.04002952575683594
0.07580947875976562
0.046671390533447266
0.049360036849975586
0.05463910102844238
0.04293203353881836
0.049710750579833984
0.04144549369812012
0.07339954376220703
0.05228900909423828
0.04723978042602539
0.05320119857788086
0.04096841812133789
0.05304360389709473
0.06571507453918457
0.06815052032470703
0.042825937271118164
0.044719696044921875
0.05408906936645508
0.041132450103759766
0.05361580848693848
0.07337546348571777
0.06570315361022949
0.045189857482910156
0.0424044132232666
0.051665306091308594
0.040976762771606445
0.051434993743896484
0.06392812728881836
0.06628632545471191
0.04342174530029297
0.043503761291503906
0.05257463455200195
0.04344797134399414
0.05549955368041992
0.05811786651611328
0.06027412414550781
0.043927907943725586
0.04270577430725098
0.050217628479003906
0.04121708869934082
0.05049490928649902
0.06372499465942383
0.06975626945495605
0.0434870719909668
0.056891441345214844
0.04266524314880371
0.043298959732055664
0.051107168197631836
0.07334375381469727
0.0580289363861084
0.04593706130981445
0.05764150619506836
0.04382443428039551
0.06016063690185547
0.04621529579162598
0.05291867256164551
0.06873273849487305
0.04643750190734863
0.05498647689819336
0.04631853103637695
0.05417823791503906
0.0458521842956543
0.05871129035949707
0.061055898666381836
0.05341386795043945
0.05909609794616699
0.048254966735839844
0.05233502388000488
0.04507637023925781
0.054882049560546875
0.07326579093933105
0.06099963188171387
0.046005964279174805
0.04509687423706055
0.05155158042907715
0.046297311782836914
0.05164670944213867
0.05948591232299805
0.06609869003295898
0.04799818992614746
0.058498382568359375
0.04849576950073242
0.056546926498413086
0.04432368278503418
0.05877995491027832
0.06476759910583496
0.055196523666381836
0.057312726974487305
0.04655098915100098
0.05675983428955078
0.04305291175842285
0.055121660232543945
0.061690568923950195
0.0681002140045166
0.048946380615234375
0.061617136001586914
0.043904781341552734
0.04686999320983887
0.0540924072265625
0.048308610916137695
0.08107495307922363
0.05044889450073242
0.05417156219482422
0.04556441307067871
0.05404996871948242
0.04519987106323242
0.06356430053710938
0.08247923851013184
0.06272315979003906
0.04853177070617676
0.05883455276489258
0.04830336570739746
0.04655599594116211
0.05763816833496094
0.06257843971252441
0.06749224662780762
0.04691815376281738
0.05855822563171387
0.04662275314331055
0.0561373233795166
0.047829627990722656
0.07644319534301758
0.05678224563598633
0.0640108585357666
0.05178642272949219
0.06158113479614258
0.045551300048828125
0.05961465835571289
0.06804990768432617
0.0713646411895752
0.047263383865356445
0.04863691329956055
0.05916714668273926
0.04810738563537598
0.06433272361755371
0.07076334953308105
0.06138801574707031
0.05309605598449707
0.05570650100708008
0.04648470878601074
0.05784010887145996
0.04977560043334961
0.08261489868164062
0.057041168212890625
0.05849480628967285
0.0520930290222168
0.05872178077697754
0.05214047431945801
0.06322669982910156
0.059568166732788086
0.06737709045410156
0.05034065246582031
0.0604250431060791
0.05055665969848633
0.05829572677612305
0.05522513389587402
0.07413721084594727
0.05229973793029785
0.06170034408569336
0.04917788505554199
0.04837179183959961
0.060683250427246094
0.06786608695983887
0.06337404251098633
0.04875922203063965
0.05798983573913574
0.05035281181335449
0.06287360191345215
0.051175594329833984
0.08332586288452148
0.055838584899902344
0.062185049057006836
0.049201011657714844
0.05995655059814453
0.046323299407958984
0.05809664726257324
0.07311224937438965
0.06404709815979004
0.06479525566101074
0.04915261268615723
0.06193995475769043
0.04662299156188965
0.05784964561462402
0.06988382339477539
0.06724905967712402
0.04843926429748535
0.06699419021606445
0.0526280403137207
0.047446489334106445
0.08763909339904785
0.06976938247680664
0.05176854133605957
0.06527519226074219
0.04750418663024902
0.06528592109680176
0.05946087837219238
0.07869195938110352
0.05028057098388672
0.0688164234161377
0.053191184997558594
0.06297707557678223
0.05256485939025879
0.08504748344421387
0.05684185028076172
0.06552982330322266
0.048553466796875
0.06449103355407715
0.048692941665649414
0.06583046913146973
0.08032965660095215
0.07357907295227051
0.04926323890686035
0.06279850006103516
0.049796104431152344
0.0665581226348877
0.07198882102966309
0.06938505172729492
0.0550684928894043
0.06180310249328613
0.05175065994262695
0.0625307559967041
0.07864546775817871
0.06427645683288574
0.053967952728271484
0.059173583984375
0.05796670913696289
0.058600664138793945
0.05134010314941406
0.0923302173614502
0.0596466064453125
0.07189583778381348
0.05626416206359863
0.05989789962768555
0.050211429595947266
0.08888649940490723
0.057784318923950195
0.062387943267822266
0.05322527885437012
0.0557553768157959
0.07581830024719238
0.05515098571777344
0.09170031547546387
0.05534672737121582
0.06748557090759277
0.04956531524658203
0.06642365455627441
0.056418418884277344
0.08743667602539062
0.05338692665100098
0.0637977123260498
0.05093717575073242
0.07311391830444336
0.05328702926635742
0.08766603469848633
0.05827665328979492
0.06551599502563477
0.04966592788696289
0.06476092338562012
0.06399011611938477
0.07896113395690918
0.07828497886657715
0.05685305595397949
0.06991696357727051
0.05311846733093262
0.06266641616821289
0.07349872589111328
0.07360100746154785
0.05183553695678711
0.06631231307983398
0.0491490364074707
0.061681270599365234
0.05754446983337402
0.08043313026428223
0.05358552932739258
0.06173586845397949
0.06632876396179199
0.05026125907897949
0.06644272804260254
0.08381247520446777
0.07204747200012207
0.052774667739868164
0.06815075874328613
0.05213141441345215
0.06881904602050781
0.07488274574279785
0.06359314918518066
0.05417776107788086
0.06388616561889648
0.06791543960571289
0.049970149993896484
0.09236741065979004
0.062334299087524414
0.06674504280090332
0.05141639709472656
0.06599259376525879
0.05005693435668945
0.08933520317077637
0.05895185470581055
0.0693674087524414
0.06946134567260742
0.051621437072753906
0.06444430351257324
0.09267401695251465
0.07560515403747559
0.05334281921386719
0.06430697441101074
0.05088233947753906
0.059926509857177734
0.05636882781982422
0.08621048927307129
0.07899260520935059
0.052625417709350586
0.07321691513061523
0.05173349380493164
0.06912040710449219
0.07316350936889648
0.06997036933898926
0.05141091346740723
0.06117987632751465
0.06736159324645996
0.051880598068237305
0.10916519165039062
0.05907249450683594
0.06601214408874512
0.052846431732177734
0.06268048286437988
0.05173468589782715
0.09647107124328613
0.07354736328125
0.05531907081604004
0.06830382347106934
0.05554389953613281
0.06830978393554688
0.08309459686279297
0.07165908813476562
0.05773210525512695
0.06431841850280762
0.06966114044189453
0.0708608627319336
0.07792830467224121
0.05512428283691406
0.06595802307128906
0.05493569374084473
0.0707085132598877
0.06756138801574707
0.08117103576660156
0.06966543197631836
0.05514693260192871
0.07039260864257812
0.05065298080444336
0.0664365291595459
0.07735967636108398
0.06921958923339844
0.07108354568481445
0.05476713180541992
0.06763601303100586
0.05466127395629883
0.09185385704040527
0.058114051818847656
0.06665849685668945
0.06968355178833008
0.052052974700927734
0.06960320472717285
0.0724949836730957
0.07014083862304688
0.05448627471923828
0.07131528854370117
0.07109427452087402
0.06448769569396973
0.09001803398132324
0.056635141372680664
0.07081174850463867
0.05365324020385742
0.06333017349243164
0.10253214836120605
0.060080528259277344
0.06987261772155762
0.057119131088256836
0.06631278991699219
0.07339644432067871
0.10196948051452637
0.07738351821899414
0.05722379684448242
0.06999039649963379
0.05815696716308594
0.09452652931213379
0.07254362106323242
0.07062101364135742
0.07696890830993652
0.05483126640319824
0.0757761001586914
0.07538223266601562
0.0772557258605957
0.07051801681518555
0.05626630783081055
0.07137155532836914
0.06032967567443848
0.08935904502868652
0.059439659118652344
0.06778931617736816
0.07344937324523926
0.05411696434020996
0.10101509094238281
0.06151151657104492
0.07029008865356445
0.07253313064575195
0.056969404220581055
0.09609079360961914
0.06234908103942871
0.07222342491149902
0.07591581344604492
0.054338693618774414
0.07246279716491699
0.08231091499328613
0.07655715942382812
0.05633282661437988
0.072174072265625
0.07060861587524414
0.06152224540710449
0.09132981300354004
0.06314826011657715
0.07023739814758301
0.07384061813354492
0.05479931831359863
0.10652804374694824
0.0643315315246582
0.0729973316192627
0.07135128974914551
0.06264710426330566
0.07179903984069824
0.08466315269470215
0.07115864753723145
0.07522320747375488
0.05767679214477539
0.07073259353637695
0.07763433456420898
0.08947038650512695
0.07859992980957031
0.060569047927856445
0.09524083137512207
0.1070261001586914
0.06144905090332031
0.07915449142456055
0.056085824966430664
0.07224297523498535
0.07563900947570801
0.08323097229003906
0.07916498184204102
0.062227725982666016
0.07000207901000977
0.07586073875427246
0.06849932670593262
0.08820915222167969
0.06143379211425781
0.07645702362060547
0.07512664794921875
0.05782127380371094
0.10433340072631836
0.06666040420532227
0.07014751434326172
0.07479166984558105
0.05572342872619629
0.1002504825592041
0.06674838066101074
0.07310152053833008
0.0781095027923584
0.06050515174865723
0.0690009593963623
0.11338043212890625
0.0601353645324707
0.07477784156799316
0.06130695343017578
0.07139945030212402
0.08330416679382324
0.07596921920776367
0.07652807235717773
0.06278109550476074
0.06847715377807617
0.07259273529052734
0.08588218688964844
0.08132386207580566
0.07692909240722656
0.059922218322753906
0.07511162757873535
0.059966325759887695
0.10087108612060547
0.08299684524536133
0.05979514122009277
0.07657361030578613
0.10203933715820312
0.0670175552368164
0.07576346397399902
0.07242679595947266
0.07651519775390625
0.09739303588867188
0.06918954849243164
0.07831907272338867
0.07939505577087402
0.060812950134277344
0.0717923641204834
0.08768701553344727
0.07788705825805664
0.0781252384185791
0.05814933776855469
0.07545781135559082
0.1114645004272461
0.06833672523498535
0.07519030570983887
0.06214165687561035
0.07110810279846191
0.08670568466186523
0.08547687530517578
0.07967424392700195
0.07701778411865234
0.06155204772949219
0.08435821533203125
0.07573890686035156
0.07544279098510742
0.07908082008361816
0.057218313217163086
0.0742652416229248
0.11423349380493164
0.06770801544189453
0.07557821273803711
0.08095550537109375
0.06644654273986816
0.10889410972595215
0.06365394592285156
0.07356047630310059
0.07388806343078613
0.06259298324584961
0.09986400604248047
0.08923220634460449
0.06483936309814453
0.0795280933380127
0.07677388191223145
0.09499907493591309
0.08847928047180176
0.08264756202697754
0.05794692039489746
0.07894015312194824
0.09264731407165527
0.08269453048706055
0.07630109786987305
0.06365060806274414
0.0717613697052002
0.11609220504760742
0.06326675415039062
0.0789332389831543
0.0768744945526123
0.06527495384216309
0.08587646484375
0.09789896011352539
0.06081986427307129
0.07916808128356934
0.07996368408203125
0.0672142505645752
0.0933234691619873
0.06676626205444336
0.07980513572692871
0.08508610725402832
0.06236529350280762
0.09690237045288086
0.08054876327514648
0.06281733512878418
0.07298088073730469
0.08250832557678223
0.0781407356262207
0.0955507755279541
0.07853269577026367
0.06448221206665039
0.08219408988952637
0.0932607650756836
0.06399083137512207
0.07791590690612793
0.0823371410369873
0.06203460693359375
0.10453391075134277
0.08519792556762695
0.06584811210632324
0.07584285736083984
0.10264801979064941
0.0631864070892334
0.0805656909942627
0.09282469749450684
0.06229591369628906
0.09602236747741699
0.0926365852355957
0.0632314682006836
0.08005309104919434
0.06168818473815918
0.09329676628112793
0.09034943580627441
0.06647086143493652
0.07344388961791992
0.07559657096862793
0.10353231430053711
0.06880450248718262
0.0807352066040039
0.08639287948608398
0.06410956382751465
0.10331225395202637
0.09661173820495605
0.06485843658447266
0.08532547950744629
0.08536458015441895
0.06307458877563477
0.09898543357849121
0.08108139038085938
0.06398916244506836
0.08441829681396484
0.11957883834838867
0.06458663940429688
0.0785057544708252
0.0813591480255127
0.06358194351196289
0.11033868789672852
0.09000062942504883
0.0652463436126709
0.08208274841308594
0.09992027282714844
0.08538341522216797
0.07532715797424316
0.0812373161315918
0.060329437255859375
0.09500932693481445
0.09841132164001465
0.0697164535522461
0.07898974418640137
0.08215141296386719
0.06329202651977539
0.08861613273620605
0.07920527458190918
0.06642389297485352
0.07638955116271973
0.12490153312683105
0.0678718090057373
0.08134579658508301
0.07877874374389648
0.08528304100036621
0.08862590789794922
0.08811807632446289
0.08408999443054199
0.06916379928588867
0.08901143074035645
0.09514904022216797
0.06483054161071777
0.08443641662597656
0.08779788017272949
0.0719146728515625
0.08395552635192871
0.08421158790588379
0.06334114074707031
0.07920289039611816
0.11865115165710449
0.09049105644226074
0.06329178810119629
0.08314990997314453
0.08693146705627441
0.10024118423461914
0.08632349967956543
0.08570289611816406
0.06488990783691406
0.07914996147155762
0.11585712432861328
0.07051706314086914
0.07766389846801758
0.08248043060302734
0.08577775955200195
0.09646224975585938
0.08427929878234863
0.09228301048278809
0.06738829612731934
0.10969758033752441
0.10325169563293457
0.07342314720153809
0.07869625091552734
0.08406949043273926
0.07174181938171387
0.08412313461303711
0.08017373085021973
0.0874032974243164
0.06778836250305176
0.1105809211730957
0.08523106575012207
0.06775784492492676
0.07725262641906738
0.10631728172302246
0.09354162216186523
0.06882476806640625
0.08178257942199707
0.08618354797363281
0.07014727592468262
0.08822917938232422
0.08211469650268555
0.06970667839050293
0.07687568664550781
0.11434459686279297
0.09431838989257812
0.0689702033996582
0.08672332763671875
0.08484601974487305
0.0903635025024414
0.0860898494720459
0.08165478706359863
0.08724737167358398
0.06944870948791504
0.10267424583435059
0.08920717239379883
0.07017302513122559
0.08140945434570312
0.0957021713256836
0.0873866081237793
0.0676116943359375
0.08332967758178711
0.09363007545471191
0.09603095054626465
0.09269928932189941
0.0843057632446289
0.08956623077392578
0.0770263671875
0.08798003196716309
0.0843954086303711
0.06842255592346191
0.08821582794189453
0.1219940185546875
0.08951139450073242
0.06854605674743652
0.07848405838012695
0.08821868896484375
0.08342623710632324
0.08524847030639648
0.08342361450195312
0.09059405326843262
0.07810449600219727
0.10494256019592285
0.08385753631591797
0.09140682220458984
0.06664800643920898
0.09282755851745605
0.08968806266784668
0.0699920654296875
0.10953640937805176
0.11493492126464844
0.0958700180053711
0.07028794288635254
0.08164477348327637
0.12340354919433594
0.07951021194458008
0.08588385581970215
0.08214926719665527
0.08976268768310547
0.06939291954040527
0.10869002342224121
0.08397221565246582
0.08850789070129395
0.07083392143249512
0.08777356147766113
0.08914494514465332
0.09234094619750977
0.06812834739685059
0.08450579643249512
0.12677812576293945
0.07155156135559082
0.08408474922180176
0.08672404289245605
0.10584878921508789
0.07801032066345215
0.0830833911895752
0.08542728424072266
0.08535528182983398
0.07431840896606445
0.08698391914367676
0.08596968650817871
0.08597111701965332
0.06964659690856934
0.11532855033874512
0.09044289588928223
0.09068131446838379
0.07369470596313477
0.09443974494934082
0.09089422225952148
0.08945417404174805
0.06659817695617676
0.08419060707092285
0.11442804336547852
0.06756877899169922
0.08372735977172852
0.08658766746520996
0.0926363468170166
0.06995177268981934
0.08643746376037598
0.08565330505371094
0.09110832214355469
0.10011649131774902
0.0976569652557373
0.08541440963745117
0.09087538719177246
0.07180166244506836
0.09349298477172852
0.08334946632385254
0.0921022891998291
0.09794259071350098
0.09270095825195312
0.0903158187866211
0.08793497085571289
0.09614753723144531
0.08152294158935547
0.08516168594360352
0.09078049659729004
0.09660506248474121
0.09340953826904297
0.09992194175720215
0.09280037879943848
0.09340476989746094
0.07230973243713379
0.09246945381164551
0.09255361557006836
0.09235763549804688
0.0720067024230957
0.11496520042419434
0.09511661529541016
0.08912301063537598
0.07354235649108887
0.0904848575592041
0.10444188117980957
0.09428215026855469
0.07821941375732422
0.08661770820617676
0.0928335189819336
0.09426212310791016
0.0708456039428711
0.08259081840515137
0.09676766395568848
0.11547422409057617
0.07273650169372559
0.08342123031616211
0.08895707130432129
0.09766411781311035
0.09835195541381836
0.07090878486633301
0.0904843807220459
0.11155533790588379
0.10352373123168945
0.07058072090148926
0.0861670970916748
0.08612370491027832
0.1015329360961914
0.07757329940795898
0.08713769912719727
0.08580946922302246
0.10251712799072266
0.09828448295593262
0.07396197319030762
0.08761191368103027
0.09192991256713867
0.10160946846008301
0.0752401351928711
0.08350062370300293
0.09225153923034668
0.09748387336730957
0.09847092628479004
0.06931066513061523
0.08817625045776367
0.08779788017272949
0.11610054969787598
0.06972837448120117
0.09023094177246094
0.08629822731018066
0.0998992919921875
0.07906055450439453
0.08734726905822754
0.08624386787414551
0.09452438354492188
0.10531187057495117
0.07366013526916504
0.08714032173156738
0.09185409545898438
0.12794017791748047
0.10828733444213867
0.0727224349975586
0.08656501770019531
0.09271550178527832
0.0996098518371582
0.07359623908996582
0.09000754356384277
0.09205818176269531
0.10565662384033203
0.09480738639831543
0.07514619827270508
0.09651851654052734
0.1039125919342041
0.09644293785095215
0.09927749633789062
0.07176995277404785
0.09979939460754395
0.09576654434204102
0.09353399276733398
0.069854736328125
0.10991287231445312
0.10931086540222168
0.09163236618041992
0.09348082542419434
0.08078813552856445
0.09906744956970215
0.09397697448730469
0.09379720687866211
0.09475469589233398
0.08266901969909668
0.0925898551940918
0.0883646011352539
0.09582662582397461
0.12586641311645508
0.08340620994567871
0.09019923210144043
0.09134697914123535
0.09698843955993652
0.10155057907104492
0.07537412643432617
0.09804606437683105
0.09186172485351562
0.10846424102783203
0.09690332412719727
0.07464051246643066
0.08860254287719727
0.1094202995300293
0.09618687629699707
0.09628772735595703
0.07535958290100098
0.10080289840698242
0.09481501579284668
0.09286165237426758
0.0988779067993164
0.08058547973632812
0.09874606132507324
0.09759807586669922
0.0977323055267334
0.1281137466430664
0.07526946067810059
0.08986854553222656
0.09250426292419434
0.0968778133392334
0.10421133041381836
0.08224940299987793
0.08762121200561523
0.09626078605651855
0.10538697242736816
0.09996318817138672
0.09893441200256348
0.07539129257202148
0.10130643844604492
0.10126829147338867
0.09350895881652832
0.0996859073638916
0.08200407028198242
0.0940103530883789
0.09133505821228027
0.09978985786437988
0.12552118301391602
0.08472514152526855
0.08996224403381348
0.09648990631103516
0.10591244697570801
0.10685324668884277
0.09774422645568848
0.07782125473022461
0.09191679954528809
0.09854984283447266
0.09265804290771484
0.10144734382629395
0.07355761528015137
0.09964942932128906
0.09378552436828613
0.09759712219238281
0.09663772583007812
0.10857701301574707
0.07428908348083496
0.09233689308166504
0.09165000915527344
0.10830116271972656
0.10381245613098145
0.07877731323242188
0.08999276161193848
0.1019597053527832
0.1057276725769043
0.10196304321289062
0.09920859336853027
0.07932400703430176
0.10564398765563965
0.09679150581359863
0.09845566749572754
0.11143827438354492
0.10179257392883301
0.0774235725402832
0.09175324440002441
0.09997797012329102
0.0975649356842041
0.10010933876037598
0.10426068305969238
0.07683300971984863
0.09883499145507812
0.0919487476348877
0.09639143943786621
0.10068774223327637
0.10988354682922363
0.07699942588806152
0.09200406074523926
0.09237217903137207
0.10350751876831055
0.09555292129516602
0.10242319107055664
0.07720756530761719
0.11069154739379883
0.0954279899597168
0.09513688087463379
0.09598374366760254
0.1069338321685791
0.08095932006835938
0.10032844543457031
0.09449338912963867
0.11540842056274414
0.10441279411315918
0.10178327560424805
0.07484602928161621
0.10485148429870605
0.09645771980285645
0.09788799285888672
0.09739232063293457
0.11187005043029785
0.10728192329406738
0.0779263973236084
0.09140753746032715
0.09772419929504395
0.10503792762756348
0.1049032211303711
0.1040046215057373
0.08605527877807617
0.09297966957092285
0.09495854377746582
0.09910202026367188
0.10420656204223633
0.11512184143066406
0.1048135757446289
0.07770872116088867
0.10570287704467773
0.10045647621154785
0.09661865234375
0.09945201873779297
0.11211895942687988
0.07894372940063477
0.09386062622070312
0.09424400329589844
0.09825754165649414
0.10352897644042969
0.10291624069213867
0.10651469230651855
0.08555483818054199
0.09575796127319336
0.09434914588928223
0.09332275390625
0.10481524467468262
0.10080695152282715
0.10416054725646973
0.07852554321289062
0.11454272270202637
0.09537553787231445
0.09883832931518555
0.09521484375
0.11164736747741699
0.10046148300170898
0.08762288093566895
0.09382462501525879
0.10385990142822266
0.0990910530090332
0.10374736785888672
0.10097408294677734
0.11314725875854492
0.10853004455566406
0.07861804962158203
0.09704113006591797
0.10488033294677734
0.1005558967590332
0.10002875328063965
0.10046243667602539
0.11790895462036133
0.0872957706451416
0.10067033767700195
0.10327911376953125
0.10797810554504395
0.10712146759033203
0.1026303768157959
0.10162615776062012
0.12319111824035645
0.07697153091430664
0.10253405570983887
0.09705328941345215
0.10778236389160156
0.10190820693969727
0.10555601119995117
0.1079721450805664
0.08848929405212402
0.0937952995300293
0.10328054428100586
0.10071969032287598
0.10694003105163574
0.10438179969787598
0.10983037948608398
0.11131763458251953
0.08448505401611328
0.09206390380859375
0.09900927543640137
0.10527920722961426
0.10192131996154785
0.09859585762023926
0.10390257835388184
0.11104035377502441
0.08839559555053711
0.09536409378051758
0.10118627548217773
0.1130378246307373
0.10604548454284668
0.09688138961791992
0.10232281684875488
0.11630129814147949
0.11241793632507324
0.08590865135192871
0.09744071960449219
0.1043236255645752
0.10296773910522461
0.09734082221984863
0.10612988471984863
0.1118021011352539
0.10805463790893555
0.10556721687316895
0.0816640853881836
0.11257004737854004
0.09977531433105469
0.0994422435760498
0.10483431816101074
0.12657570838928223
0.1053011417388916
0.10256171226501465
0.10860633850097656
0.08672380447387695
0.10835456848144531
0.10312962532043457
0.11007261276245117
0.1011667251586914
0.10588932037353516
0.10100269317626953
0.11270451545715332
0.11713504791259766
0.08801794052124023
0.10034847259521484
0.10748052597045898
0.09970879554748535
0.10001564025878906
0.10802078247070312
0.11418628692626953
0.1069645881652832
0.11142754554748535
0.10734176635742188
0.09735918045043945
0.09698629379272461
0.10254740715026855
0.09955716133117676
0.11415958404541016
0.10213446617126465
0.10605001449584961
0.10759925842285156
0.11551594734191895
0.08225107192993164
0.10373044013977051
0.11147665977478027
0.10802102088928223
0.10454344749450684
0.10119819641113281
0.1135702133178711
0.10546731948852539
0.10747742652893066
0.11018824577331543
0.11618185043334961
0.08499550819396973
0.09798336029052734
0.10103034973144531
0.11190414428710938
0.10465335845947266
0.10532927513122559
0.11238670349121094
0.10735440254211426
0.10789299011230469
0.10731720924377441
0.1243901252746582
0.08571195602416992
0.09950971603393555
0.10649776458740234
0.1066734790802002
0.10106444358825684
0.10257101058959961
0.11582088470458984
0.11510229110717773
0.11263442039489746
0.11120963096618652
0.11805105209350586
0.090545654296875
0.09974098205566406
0.11410665512084961
0.10044074058532715
0.10885953903198242
0.10654091835021973
0.12393903732299805
0.11027240753173828
0.11916899681091309
0.12017464637756348
0.1141822338104248
0.10872673988342285
0.11848330497741699
0.09380698204040527
0.10641312599182129
0.11418986320495605
0.11425280570983887
0.10969138145446777
0.11373686790466309
0.10593533515930176
0.12205791473388672
0.10951566696166992
0.11437034606933594
0.11649703979492188
0.11909914016723633
0.11019039154052734
0.0905604362487793
0.11440849304199219
0.1141805648803711
0.11119365692138672
0.12392544746398926
0.11608743667602539
0.11627888679504395
0.1090850830078125
0.12270998954772949
0.10737943649291992
0.1194298267364502
0.11615109443664551
0.12128520011901855
0.11606717109680176
0.09498429298400879
0.11434078216552734
0.11106443405151367
0.10360383987426758
0.1149911880493164
0.11388468742370605
0.11087751388549805
0.1079714298248291
0.12201452255249023
0.10538363456726074
0.11107349395751953
0.11355900764465332
0.1295485496520996
0.11280941963195801
0.1218407154083252
0.1004338264465332
0.10670137405395508
0.10709619522094727
0.10712289810180664
0.1174623966217041
0.11185169219970703
0.10338497161865234
0.12447929382324219
0.10806870460510254
0.1032559871673584
0.11134624481201172
0.11942076683044434
0.10870933532714844
0.10856151580810547
0.11811518669128418
0.1118314266204834
0.11368203163146973
0.11485886573791504
0.10443687438964844
0.10566449165344238
0.0992269515991211
0.11026859283447266
0.11131405830383301
0.10718083381652832
0.11020708084106445
0.11226606369018555
0.10685181617736816
0.1056203842163086
0.10810351371765137
0.12385153770446777
0.11330842971801758
0.11489605903625488
0.12264394760131836
0.12077021598815918
0.11502671241760254
0.11911797523498535
0.12946009635925293
0.0909430980682373
0.10601282119750977
0.11672568321228027
0.10494351387023926
0.11087536811828613
0.10673689842224121
0.12142348289489746
0.10579919815063477
0.1110377311706543
0.12317228317260742
0.11585116386413574
0.11144089698791504
0.11479449272155762
0.11296916007995605
0.11655378341674805
0.11135172843933105
0.12804937362670898
0.1203455924987793
0.1246647834777832
0.11639237403869629
0.12668704986572266
0.11514472961425781
0.12477374076843262
0.12795782089233398
0.09495949745178223
0.10281586647033691
0.12082433700561523
0.11330413818359375
0.10777044296264648
0.11072707176208496
0.11475682258605957
0.10452413558959961
0.1138312816619873
0.11085772514343262
0.11124658584594727
0.11390280723571777
0.11859822273254395
0.11170768737792969
0.11163759231567383
0.10706615447998047
0.12005043029785156
0.1130223274230957
0.11629390716552734
0.11920595169067383
0.12394285202026367
0.1107797622680664
0.1170952320098877
0.12160968780517578
0.12032794952392578
0.11264586448669434
0.12302684783935547
0.11513733863830566
0.11856508255004883
0.11576533317565918
0.1291670799255371
0.11844682693481445
0.1249547004699707
0.12492489814758301
0.12207245826721191
0.12129044532775879
0.09673094749450684
0.11244559288024902
0.11610102653503418
0.1182868480682373
0.12146902084350586
0.10561633110046387
0.11542868614196777
0.11347579956054688
0.1202383041381836
0.10896110534667969
0.1095895767211914
0.11733651161193848
0.11228513717651367
0.10653209686279297
0.11889410018920898
0.1091156005859375
0.11079835891723633
0.1093587875366211
0.12443327903747559
0.13739943504333496
0.0927431583404541
0.11383938789367676
0.14467144012451172
0.08735108375549316
0.11120033264160156
0.14501070976257324
0.09283185005187988
0.10610175132751465
0.15073704719543457
0.08913159370422363
0.11361479759216309
0.13892292976379395
0.0967254638671875
0.10354208946228027
0.1429750919342041
0.10542106628417969
0.14373517036437988
0.09422969818115234
0.1523301601409912
0.12119531631469727
0.0963292121887207
0.13812804222106934
0.13193297386169434
0.08923530578613281
0.14637351036071777
0.12487220764160156
0.09384608268737793
0.13892388343811035
0.13327336311340332
0.09226775169372559
0.14141345024108887
0.1264491081237793
0.09924507141113281
0.13847041130065918
0.1252460479736328
0.13308000564575195
0.12579083442687988
0.11907577514648438
0.14025068283081055
0.12148022651672363
0.12566614151000977
0.1403791904449463
0.12803435325622559
0.11977791786193848
0.13329029083251953
0.12118649482727051
0.12478780746459961
0.12569260597229004
0.12750935554504395
0.12006831169128418
0.12938833236694336
0.12426280975341797
0.13507938385009766
0.12378573417663574
0.13614511489868164
0.12183237075805664
0.1295166015625
0.134843111038208
0.12490200996398926
0.12119078636169434
0.1342771053314209
0.1202244758605957
0.12484383583068848
0.1296398639678955
0.12750887870788574
0.11938309669494629
0.13190793991088867
0.12664175033569336
0.12612080574035645
0.13139605522155762
0.12760162353515625
0.12309527397155762
0.12662792205810547
0.12416338920593262
0.12347793579101562
0.12251853942871094
0.134613037109375
0.12275981903076172
0.12372636795043945
0.12257051467895508
0.12336182594299316
0.11802458763122559
0.13441729545593262
0.11770129203796387
0.12059402465820312
0.12640714645385742
0.12695002555847168
0.11762571334838867
0.1297006607055664
0.12266755104064941
0.12478017807006836
0.11591243743896484
0.12517356872558594
0.11495327949523926
0.1206655502319336
0.12759661674499512
0.11722850799560547
0.1155385971069336
0.11831474304199219
0.1278672218322754
0.11324930191040039
0.12159323692321777
0.12085199356079102
0.11522984504699707
0.11484336853027344
0.12157392501831055
0.11983084678649902
0.11389613151550293
0.11819195747375488
0.11640191078186035
0.139420747756958
0.13013768196105957
0.1331467628479004
0.12552332878112793
0.12605977058410645
0.13098740577697754
0.12554121017456055
0.1230916976928711
0.1309666633605957
0.12180542945861816
0.12297296524047852
0.12885785102844238
0.11780142784118652
0.12253379821777344
0.13544201850891113
0.11868953704833984
0.11731886863708496
0.12259268760681152
0.11890435218811035
0.11691808700561523
0.1142115592956543
0.12423133850097656
0.11436152458190918
0.11344623565673828
0.1210792064666748
0.12114882469177246
0.11332058906555176
0.11664080619812012
0.15195727348327637
0.132354736328125
0.13704252243041992
0.12363266944885254
0.12638044357299805
0.12621426582336426
0.12974262237548828
0.12882566452026367
0.12739133834838867
0.12630176544189453
0.11877846717834473
0.11952543258666992
0.1334378719329834
0.12405276298522949
0.11980152130126953
0.13096332550048828
0.11760854721069336
0.11497187614440918
0.12702441215515137
0.1157839298248291
0.11939358711242676
0.11931109428405762
0.1503310203552246
0.12723827362060547
0.13300371170043945
0.12449932098388672
0.12923884391784668
0.12225985527038574
0.13109087944030762
0.1278672218322754
0.12275266647338867
0.12694859504699707
0.12079906463623047
0.11870980262756348
0.12472724914550781
0.11523795127868652
0.11555671691894531
0.12222623825073242
0.11772799491882324
0.11692476272583008
0.11237263679504395
0.17328166961669922
0.13029098510742188
0.1287062168121338
0.13671588897705078
0.12479686737060547
0.13049817085266113
0.12934398651123047
0.12784671783447266
0.12737774848937988
0.13347268104553223
0.12691664695739746
0.16559672355651855
0.1548938751220703
0.12780547142028809
0.11847710609436035
0.13364505767822266
0.1455831527709961
0.14197659492492676
0.12964940071105957
0.1298513412475586
0.12921786308288574
0.1342458724975586
0.12164020538330078
0.1278834342956543
0.13668608665466309
0.12540864944458008
0.12360310554504395
0.13443875312805176
0.11956119537353516
0.12897133827209473
0.15874361991882324
0.13209128379821777
0.12719154357910156
0.14176273345947266
0.13507556915283203
0.12315750122070312
0.13644099235534668
0.1284334659576416
0.1241452693939209
0.1254100799560547
0.1203463077545166
0.12078070640563965
0.12460112571716309
0.11995816230773926
0.1504974365234375
0.13695573806762695
0.13690805435180664
0.12514662742614746
0.13759636878967285
0.12498807907104492
0.12276315689086914
0.1254589557647705
0.12491154670715332
0.11902952194213867
0.12059998512268066
0.1300966739654541
0.11481404304504395
0.14823651313781738
0.13927316665649414
0.13057494163513184
0.12712478637695312
0.14336824417114258
0.12117576599121094
0.12305355072021484
0.13195323944091797
0.11787915229797363
0.12055110931396484
0.12603068351745605
0.11940383911132812
0.15189075469970703
0.1359720230102539
0.1307826042175293
0.12449383735656738
0.1315460205078125
0.1306474208831787
0.13563799858093262
0.13098382949829102
0.1265125274658203
0.12321352958679199
0.13619232177734375
0.16443181037902832
0.13264703750610352
0.14290070533752441
0.12544655799865723
0.12592220306396484
0.13055801391601562
0.1355593204498291
0.12175440788269043
0.13656210899353027
0.12283778190612793
0.12761616706848145
0.16425442695617676
0.13831806182861328
0.1279904842376709
0.1412506103515625
0.13121676445007324
0.13330984115600586
0.13835930824279785
0.1268019676208496
0.11974740028381348
0.1336822509765625
0.15452051162719727
0.14050602912902832
0.13660216331481934
0.13384628295898438
0.1254570484161377
0.13808560371398926
0.12413954734802246
0.13145780563354492
0.13127803802490234
0.13953924179077148
0.15722155570983887
0.14889240264892578
0.1305854320526123
0.1341853141784668
0.13280892372131348
0.1309034824371338
0.12782573699951172
0.13769936561584473
0.12302827835083008
0.1628880500793457
0.14090347290039062
0.13993573188781738
0.1270923614501953
0.16438627243041992
0.12771248817443848
0.13396930694580078
0.1300351619720459
0.1391303539276123
0.13035368919372559
0.17203903198242188
0.13917875289916992
0.14825963973999023
0.13399481773376465
0.13552045822143555
0.13443803787231445
0.1304471492767334
0.1226511001586914
0.1715688705444336
0.13362503051757812
0.13826417922973633
0.1388711929321289
0.1388258934020996
0.12436580657958984
0.14681363105773926
0.1380782127380371
0.13265728950500488
0.16168904304504395
0.14356207847595215
0.13278460502624512
0.15332674980163574
0.12928199768066406
0.14040684700012207
0.1397244930267334
0.13187384605407715
0.1678001880645752
0.14494943618774414
0.13231205940246582
0.1454625129699707
0.13171744346618652
0.1320171356201172
0.1355905532836914
0.13481831550598145
0.16116547584533691
0.14711403846740723
0.13126564025878906
0.13919925689697266
0.13211297988891602
0.13520145416259766
0.1397862434387207
0.1385517120361328
0.16018342971801758
0.15813827514648438
0.13577008247375488
0.13562297821044922
0.14099478721618652
0.1331639289855957
0.129014253616333
0.14485859870910645
0.1605513095855713
0.1488173007965088
0.13445234298706055
0.14073705673217773
0.13365864753723145
0.1332101821899414
0.12630224227905273
0.14262938499450684
0.15854620933532715
0.1418156623840332
0.14412569999694824
0.13485050201416016
0.1311948299407959
0.153778076171875
0.12567973136901855
0.17044973373413086
0.1336064338684082
0.13790488243103027
0.1349172592163086
0.14228153228759766
0.1290907859802246
0.14388537406921387
0.16194701194763184
0.14329981803894043
0.13799524307250977
0.1364154815673828
0.12749361991882324
0.1385669708251953
0.12542080879211426
0.16935515403747559
0.14618754386901855
0.1406574249267578
0.13120460510253906
0.14252018928527832
0.13054537773132324
0.13160490989685059
0.16371583938598633
0.13962149620056152
0.13849234580993652
0.14138078689575195
0.1280052661895752
0.1485755443572998
0.13369464874267578
0.16637372970581055
0.14979910850524902
0.1422886848449707
0.13340401649475098
0.15555310249328613
0.12823963165283203
0.1777331829071045
0.14662981033325195
0.13971924781799316
0.1493842601776123
0.14048385620117188
0.12906169891357422
0.14454865455627441
0.15888762474060059
0.14453411102294922
0.1441650390625
0.13863277435302734
0.1298074722290039
0.1490190029144287
0.1604013442993164
0.15068912506103516
0.13587689399719238
0.3220357894897461
0.1323845386505127
0.13672757148742676
0.18749213218688965
0.22806048393249512
0.13825154304504395
0.14676690101623535
0.13309216499328613
0.14767217636108398
0.12703752517700195
0.17017817497253418
0.1447451114654541
0.13860011100769043
0.1370854377746582
0.14574384689331055
0.1349048614501953
0.17108750343322754
0.13950490951538086
0.1394634246826172
0.13730955123901367
0.1362442970275879
0.1310732364654541
0.17700839042663574
0.1369163990020752
0.13993144035339355
0.14337635040283203
0.13920259475708008
0.139998197555542
0.1777970790863037
0.13933992385864258
0.15048646926879883
0.13844013214111328
0.13874459266662598
0.1382453441619873
0.17220497131347656
0.1440434455871582
0.15050172805786133
0.13194561004638672
0.14157462120056152
0.1641547679901123
0.14543461799621582
0.14977717399597168
0.14018034934997559
0.13230395317077637
0.15913009643554688
0.16549324989318848
0.14751815795898438
0.13669490814208984
0.1392381191253662
0.14000177383422852
0.13590693473815918
0.159562349319458
0.1527421474456787
0.1365203857421875
0.14186406135559082
0.1424243450164795
0.17389965057373047
0.14475035667419434
0.14765691757202148
0.1407923698425293
0.1454474925994873
0.1332252025604248
0.17135262489318848
0.1504042148590088
0.1437511444091797
0.14404582977294922
0.15067529678344727
0.1641700267791748
0.15617156028747559
0.14252090454101562
0.1414804458618164
0.13982796669006348
0.1370859146118164
0.16231799125671387
0.16687917709350586
0.13381314277648926
0.1415247917175293
0.13064169883728027
0.17743182182312012
0.16174936294555664
0.15584087371826172
0.13698077201843262
0.15158987045288086
0.16858339309692383
0.15240955352783203
0.14219450950622559
0.13985276222229004
0.14370155334472656
0.17269301414489746
0.141434907913208
0.1507275104522705
0.13478493690490723
0.14815020561218262
0.17723560333251953
0.1506633758544922
0.14708352088928223
0.14441633224487305
0.1376175880432129
0.14238333702087402
0.16344451904296875
0.15473151206970215
0.1383211612701416
0.13918232917785645
0.14447927474975586
0.17133736610412598
0.13772988319396973
0.14748668670654297
0.13061952590942383
0.1422591209411621
0.1773667335510254
0.14385652542114258
0.15109610557556152
0.13910722732543945
0.1759018898010254
0.15934991836547852
0.13980674743652344
0.14937973022460938
0.13616251945495605
0.17356657981872559
0.14922142028808594
0.14498233795166016
0.13501596450805664
0.15440607070922852
0.16989946365356445
0.15353679656982422
0.13937997817993164
0.14014649391174316
0.16074562072753906
0.16960787773132324
0.14138317108154297
0.1586902141571045
0.13390111923217773
0.14557957649230957
0.1663684844970703
0.14673089981079102
0.14385461807250977
0.13891220092773438
0.17040777206420898
0.15741491317749023
0.13950848579406738
0.14809107780456543
0.13698625564575195
0.17529034614562988
0.15033531188964844
0.14458250999450684
0.13584327697753906
0.1498124599456787
0.16587448120117188
0.15626025199890137
0.13751840591430664
0.14383888244628906
0.1843705177307129
0.14919495582580566
0.1431570053100586
0.142747163772583
0.13265562057495117
0.18317818641662598
0.14043188095092773
0.1424884796142578
0.1565110683441162
0.1754155158996582
0.14528346061706543
0.14743852615356445
0.13519811630249023
0.14577341079711914
0.16797995567321777
0.15345525741577148
0.15065431594848633
0.14354228973388672
0.17961335182189941
0.15040278434753418
0.1394946575164795
0.15746808052062988
0.13623976707458496
0.17943572998046875
0.14137935638427734
0.14578580856323242
0.14667081832885742
0.17497014999389648
0.1412351131439209
0.15388059616088867
0.14325380325317383
0.1848001480102539
0.14755988121032715
0.14480376243591309
0.1511216163635254
0.14475154876708984
0.1701042652130127
0.1660301685333252
0.13799548149108887
0.15254640579223633
0.17562484741210938
0.14731287956237793
0.1482834815979004
0.14138174057006836
0.1825418472290039
0.15269088745117188
0.14560437202453613
0.15116453170776367
0.17348480224609375
0.15727853775024414
0.15024971961975098
0.15018439292907715
0.18336892127990723
0.16274404525756836
0.1473219394683838
0.1499776840209961
0.17412972450256348
0.16515278816223145
0.14325666427612305
0.14562177658081055
0.1560051441192627
0.17820048332214355
0.1613781452178955
0.14855003356933594
0.13644099235534668
0.18343448638916016
0.14251947402954102
0.15723180770874023
0.1386275291442871
0.18078327178955078
0.15961337089538574
0.1444072723388672
0.13909006118774414
0.19941186904907227
0.1426842212677002
0.1577286720275879
0.17374634742736816
0.161391019821167
0.15091657638549805
0.1458292007446289
0.15053582191467285
0.17633461952209473
0.14678525924682617
0.15836691856384277
0.17539095878601074
0.16632962226867676
0.14287805557250977
0.1477358341217041
0.18999338150024414
0.15172600746154785
0.14935994148254395
0.14436984062194824
0.17667198181152344
0.17780828475952148
0.15061330795288086
0.16733956336975098
0.18021440505981445
0.15238356590270996
0.15986847877502441
0.14730310440063477
0.18305563926696777
0.15321946144104004
0.1522843837738037
0.17710661888122559
0.1899094581604004
0.1629776954650879
0.14222192764282227
0.14370203018188477
0.18494248390197754
0.14969944953918457
0.16179561614990234
0.14254236221313477
0.17111873626708984
0.15494918823242188
0.14082741737365723
0.1899423599243164
0.14672541618347168
0.14766311645507812
0.15294599533081055
0.18048739433288574
0.27893948554992676
0.2334456443786621
0.14177870750427246
0.1776890754699707
0.14723467826843262
0.15268182754516602
0.17848777770996094
0.1737501621246338
0.1522204875946045
0.1557912826538086
0.2406005859375
0.17172861099243164
0.1558980941772461
0.14889860153198242
0.19037604331970215
0.15445303916931152
0.15346527099609375
0.19797539710998535
0.14978909492492676
0.15839743614196777
0.14187908172607422
0.20546674728393555
0.1511235237121582
0.159318208694458
0.15597152709960938
0.18075013160705566
0.15644216537475586
0.15948843955993652
0.19438433647155762
0.15404725074768066
0.1458439826965332
0.15143680572509766
0.18694162368774414
0.1628258228302002
0.14649248123168945
0.18783235549926758
0.1659402847290039
0.15076589584350586
0.1725168228149414
0.21057581901550293
0.14649200439453125
0.15399742126464844
0.22087717056274414
0.16600656509399414
0.1450028419494629
0.1561574935913086
0.176224946975708
0.15416407585144043
0.15079379081726074
0.1875007152557373
0.15872502326965332
0.1504824161529541
0.1438920497894287
0.19193363189697266
0.14728522300720215
0.16670560836791992
0.17926692962646484
0.15954995155334473
0.14533448219299316
0.1446983814239502
0.1888270378112793
0.15470170974731445
0.15514063835144043
0.19733166694641113
0.14832234382629395
0.16337990760803223
0.18724799156188965
0.16676878929138184
0.14821791648864746
0.1521749496459961
0.19037413597106934
0.16514372825622559
0.16041779518127441
0.19223523139953613
0.1588757038116455
0.15468382835388184
0.18196892738342285
0.16853022575378418
0.1484847068786621
0.15724802017211914
0.17977261543273926
0.15463733673095703
0.15810847282409668
0.20390868186950684
0.19808244705200195
0.15192556381225586
0.1861891746520996
0.174607515335083
0.1513996124267578
0.15520715713500977
0.17960429191589355
0.15380311012268066
0.16033649444580078
0.19905447959899902
0.16226792335510254
0.15526437759399414
0.19182658195495605
0.1565568447113037
0.14546847343444824
0.20218849182128906
0.15285468101501465
0.16483426094055176
0.15085577964782715
0.19971871376037598
0.14947509765625
0.1487727165222168
0.20174121856689453
0.156158447265625
0.1769711971282959
0.1875627040863037
0.15465402603149414
0.15224218368530273
0.19019436836242676
0.17709565162658691
0.15567731857299805
0.21919488906860352
0.15812206268310547
0.1714189052581787
0.15417146682739258
0.18665146827697754
0.15010428428649902
0.15142345428466797
0.18538165092468262
0.1562817096710205
0.1515493392944336
0.18607306480407715
0.15771985054016113
0.169266939163208
0.17963171005249023
0.1611039638519287
0.15059804916381836
0.18605923652648926
0.15844464302062988
0.1587224006652832
0.19280028343200684
0.15641403198242188
0.17779541015625
0.19072198867797852
0.15315699577331543
0.16732239723205566
0.1873307228088379
0.17486047744750977
0.15987324714660645
0.20594048500061035
0.1673593521118164
0.17319226264953613
0.1965479850769043
0.18476653099060059
0.16147685050964355
0.19297504425048828
0.15875601768493652
0.15959835052490234
0.20652437210083008
0.17079901695251465
0.16370415687561035
0.19357919692993164
0.15538334846496582
0.16769170761108398
0.14602088928222656
0.20072507858276367
0.16589617729187012
0.20900559425354004
0.1603527069091797
0.15676236152648926
0.19134116172790527
0.16605663299560547
0.17101621627807617
0.15436005592346191
0.19028377532958984
0.15929675102233887
0.18665051460266113
0.1713099479675293
0.1496732234954834
0.20781469345092773
0.16884756088256836
0.1788170337677002
0.19821834564208984
0.18063974380493164
0.16251397132873535
0.20766377449035645
0.1717672348022461
0.16948843002319336
0.21074628829956055
0.17186403274536133
0.16790342330932617
0.2033827304840088
0.17156267166137695
0.16575980186462402
0.18875885009765625
0.17189860343933105
0.1576073169708252
0.20498299598693848
0.16724252700805664
0.1744673252105713
0.19495201110839844
0.1782827377319336
0.16371846199035645
0.18846702575683594
0.1615598201751709
0.15127110481262207
0.19546842575073242
0.16397523880004883
0.2103710174560547
0.16863465309143066
0.17054224014282227
0.20202183723449707
0.16097569465637207
0.16006112098693848
0.20639920234680176
0.17071056365966797
0.15844464302062988
0.20739388465881348
0.16459012031555176
0.16433954238891602
0.1886909008026123
0.156599760055542
0.1574850082397461
0.1895749568939209
0.17595171928405762
0.20023679733276367
0.17887568473815918
0.16454601287841797
0.20577740669250488
0.17592120170593262
0.16057157516479492
0.19358301162719727
0.16337847709655762
0.17313361167907715
0.19064927101135254
0.17898130416870117
0.1996150016784668
0.18088173866271973
0.1627209186553955
0.20542478561401367
0.16137290000915527
0.15883946418762207
0.19588184356689453
0.1683366298675537
0.1695542335510254
0.1956470012664795
0.1641836166381836
0.2013261318206787
0.17803096771240234
0.17644715309143066
0.20523786544799805
0.1776125431060791
0.16102004051208496
0.2195889949798584
0.1635451316833496
0.21526312828063965
0.16664838790893555
0.16640782356262207
0.198927640914917
0.17464137077331543
0.1526474952697754
0.1925351619720459
0.1685774326324463
0.20137906074523926
0.1772291660308838
0.16041064262390137
0.20173048973083496
0.1661207675933838
0.15317416191101074
0.19783449172973633
0.15840363502502441
0.20306944847106934
0.16562771797180176
0.1755688190460205
0.20194363594055176
0.1831660270690918
0.16502904891967773
0.2066028118133545
0.16602849960327148
0.21879124641418457
0.16980719566345215
0.16819310188293457
0.19872546195983887
0.17084050178527832
0.15928411483764648
0.19770407676696777
0.18187594413757324
0.20759940147399902
0.18430781364440918
0.16545915603637695
0.20627999305725098
0.17104744911193848
0.21172761917114258
0.17386770248413086
0.16530251502990723
0.20896697044372559
0.16023945808410645
0.16153454780578613
0.1895751953125
0.17547821998596191
0.19994163513183594
0.17298293113708496
0.1574406623840332
0.2028789520263672
0.1626439094543457
0.21583008766174316
0.16861820220947266
0.17487812042236328
0.20636892318725586
0.1744086742401123
0.2149794101715088
0.17721867561340332
0.17166447639465332
0.2079477310180664
0.1753983497619629
0.16964340209960938
0.20981264114379883
0.17107462882995605
0.2111189365386963
0.18099641799926758
0.16234493255615234
0.20409226417541504
0.16646265983581543
0.20755290985107422
0.16131973266601562
0.16744613647460938
0.1931171417236328
0.17380380630493164
0.19996023178100586
0.1759030818939209
0.16857385635375977
0.1976795196533203
0.1636202335357666
0.19852447509765625
0.1723649501800537
0.17165565490722656
0.20023870468139648
0.16227984428405762
0.2033243179321289
0.16919207572937012
0.15742039680480957
0.19858741760253906
0.1666860580444336
0.21634340286254883
0.1708824634552002
0.224806547164917
0.16819310188293457
0.17328286170959473
0.19384312629699707
0.18325161933898926
0.20903253555297852
0.1871201992034912
0.1665792465209961
0.20383143424987793
0.1602327823638916
0.21405720710754395
0.16556859016418457
0.16240382194519043
0.19919991493225098
0.1646864414215088
0.20516514778137207
0.17002224922180176
0.21955537796020508
0.17820215225219727
0.1737656593322754
0.20559096336364746
0.17758750915527344
0.21135854721069336
0.183488130569458
0.1764812469482422
0.19935011863708496
0.17617297172546387
0.20662498474121094
0.17159390449523926
0.19906997680664062
0.17643284797668457
0.1583559513092041
0.2110743522644043
0.15865349769592285
0.2080998420715332
0.16801095008850098
0.16723871231079102
0.2031698226928711
0.17118000984191895
0.2046511173248291
0.17399263381958008
0.21436333656311035
0.1763312816619873
0.1780538558959961
0.19477295875549316
0.16963887214660645
0.2101912498474121
0.18316197395324707
0.20518922805786133
0.175246000289917
0.17273402214050293
0.20666766166687012
0.17184090614318848
0.19852399826049805
0.1751079559326172
0.20800447463989258
0.18166065216064453
0.16054153442382812
0.20970511436462402
0.15787172317504883
0.216841459274292
0.17470741271972656
0.21970915794372559
0.17221331596374512
0.1971874237060547
0.19351768493652344
0.17205166816711426
0.1992940902709961
0.1782379150390625
0.22067618370056152
0.17261314392089844
0.20817923545837402
0.17210721969604492
0.1666884422302246
0.19845151901245117
0.17121171951293945
0.20935273170471191
0.17374300956726074
0.2092723846435547
0.17363333702087402
0.16271185874938965
0.2002108097076416
0.16462087631225586
0.2005782127380371
0.17907428741455078
0.21068167686462402
0.17868280410766602
0.2017967700958252
0.18573784828186035
0.16243934631347656
0.20668983459472656
0.16135168075561523
0.2179262638092041
0.16000866889953613
0.21006393432617188
0.17028546333312988
0.22413110733032227
0.1683046817779541
0.218170166015625
0.17548704147338867
0.1806485652923584
0.19542765617370605
0.1801753044128418
0.19794702529907227
0.17142105102539062
0.2117137908935547
0.17118620872497559
0.21580815315246582
0.1721639633178711
0.17857003211975098
0.19916939735412598
0.16937494277954102
0.20936250686645508
0.1761152744293213
0.21492433547973633
0.19022178649902344
0.21758437156677246
0.17969870567321777
0.21025943756103516
0.17424917221069336
0.16779136657714844
0.19799518585205078
0.16815614700317383
0.19767284393310547
0.1781165599822998
0.20923781394958496
0.18296194076538086
0.20389962196350098
0.1867201328277588
0.21455025672912598
0.18477797508239746
0.21134352684020996
0.18033742904663086
0.16732239723205566
0.22634434700012207
0.16884636878967285
0.21312761306762695
0.17206549644470215
0.21266746520996094
0.16706180572509766
0.21627044677734375
0.1706857681274414
0.21959519386291504
0.1682755947113037
0.2254655361175537
0.17580056190490723
0.18870258331298828
0.19990062713623047
0.17445683479309082
0.2090282440185547
0.18276262283325195
0.21178960800170898
0.1755681037902832
0.2093639373779297
0.17906618118286133
0.20265889167785645
0.17516541481018066
0.20908904075622559
0.181013822555542
0.21486306190490723
0.18347430229187012
0.2384507656097412
0.1881859302520752
0.20122933387756348
0.21477270126342773
0.16689419746398926
0.2135143280029297
0.16994404792785645
0.21199870109558105
0.1719837188720703
0.2066664695739746
0.1805858612060547
0.2100696563720703
0.1909468173980713
0.21594762802124023
0.1761641502380371
0.21461701393127441
0.18666601181030273
0.2102808952331543
0.18802809715270996
0.21378397941589355
0.18239903450012207
0.21108436584472656
0.18285155296325684
0.21802783012390137
0.1806197166442871
0.21453428268432617
0.18296074867248535
0.16794776916503906
0.21068143844604492
0.16814351081848145
0.21000361442565918
0.17463231086730957
0.21579527854919434
0.18007326126098633
0.21428251266479492
0.17140960693359375
0.2197284698486328
0.17931914329528809
0.21413397789001465
0.17664289474487305
0.21114754676818848
0.17070555686950684
0.2080249786376953
0.17598223686218262
0.2195115089416504
0.18190908432006836
0.21720623970031738
0.18338775634765625
0.21797561645507812
0.18234848976135254
0.21366667747497559
0.18071269989013672
0.215834379196167
0.18337678909301758
0.21349167823791504
0.1714649200439453
0.21087431907653809
0.17642426490783691
0.21035480499267578
0.17757558822631836
0.21096563339233398
0.17281174659729004
0.2041027545928955
0.17681550979614258
0.20951056480407715
0.1699838638305664
0.20977234840393066
0.1837611198425293
0.21230411529541016
0.18105697631835938
0.2045135498046875
0.22624611854553223
0.19491147994995117
0.22775506973266602
0.19416594505310059
0.22576665878295898
0.20033049583435059
0.21579861640930176
0.1852560043334961
0.2222578525543213
0.1861565113067627
0.22105717658996582
0.18721270561218262
0.23229718208312988
0.1937425136566162
0.21693706512451172
0.1882789134979248
0.21505498886108398
0.18339061737060547
0.21530675888061523
0.1817312240600586
0.21378421783447266
0.18686509132385254
0.22537827491760254
0.18407988548278809
0.22574281692504883
0.18553495407104492
0.2219088077545166
0.18334221839904785
0.23052525520324707
0.1898818016052246
0.22321105003356934
0.18926429748535156
0.21700763702392578
0.17874550819396973
0.22022104263305664
0.186936616897583
0.2112715244293213
0.17735576629638672
0.21454906463623047
0.1720600128173828
0.21604681015014648
0.17956948280334473
0.22448492050170898
0.1723954677581787
0.2124788761138916
0.17118215560913086
0.21018743515014648
0.1778111457824707
0.21127009391784668
0.22964191436767578
0.18362164497375488
0.21712207794189453
0.18600869178771973
0.21288323402404785
0.18033432960510254
0.21348357200622559
0.1829967498779297
0.2098987102508545
0.17879652976989746
0.21484947204589844
0.18639373779296875
0.22036457061767578
0.19250774383544922
0.20736408233642578
0.17901134490966797
0.20543670654296875
0.1779172420501709
0.20580768585205078
0.2302248477935791
0.18649744987487793
0.23245930671691895
0.1822490692138672
0.23544740676879883
0.1850275993347168
0.22440290451049805
0.17696356773376465
0.22210192680358887
0.1813950538635254
0.22321796417236328
0.18257665634155273
0.2357637882232666
0.17322897911071777
0.2158491611480713
0.16775798797607422
0.21271991729736328
0.21973919868469238
0.1891932487487793
0.2124922275543213
0.20015549659729004
0.22478461265563965
0.19169187545776367
0.21089649200439453
0.20830893516540527
0.20914077758789062
0.1825122833251953
0.21176385879516602
0.18689179420471191
0.21440410614013672
0.23475265502929688
0.18504643440246582
0.24059700965881348
0.17333650588989258
0.22238421440124512
0.17191147804260254
0.23067975044250488
0.17088961601257324
0.21904373168945312
0.17932868003845215
0.2313098907470703
0.22245311737060547
0.1866600513458252
0.2194383144378662
0.19350099563598633
0.21323633193969727
0.19151926040649414
0.21981048583984375
0.1921985149383545
0.206496000289917
0.18280434608459473
0.210235595703125
0.2320263385772705
0.1741468906402588
0.23217415809631348
0.17768406867980957
0.2226238250732422
0.170180082321167
0.22191596031188965
0.17838430404663086
0.21848320960998535
0.22850322723388672
0.19092226028442383
0.22176146507263184
0.18869400024414062
0.21693873405456543
0.18432188034057617
0.20882940292358398
0.19179916381835938
0.21011948585510254
0.2269742488861084
0.18526339530944824
0.2261946201324463
0.17702245712280273
0.22173118591308594
0.18535828590393066
0.21288800239562988
0.22757792472839355
0.18314123153686523
0.22278308868408203
0.18194842338562012
0.2304062843322754
0.18203282356262207
0.21605730056762695
0.1878662109375
0.21791601181030273
0.24460124969482422
0.19960618019104004
0.22107291221618652
0.18527698516845703
0.21661996841430664
0.18489766120910645
0.21474003791809082
0.23026227951049805
0.18307113647460938
0.22350502014160156
0.18586397171020508
0.22651052474975586
0.17799949645996094
0.21574950218200684
0.224165678024292
0.18981432914733887
0.2266676425933838
0.18032097816467285
0.22327303886413574
0.1799297332763672
0.22323155403137207
0.22912144660949707
0.1936652660369873
0.22835659980773926
0.19751596450805664
0.22055959701538086
0.1925187110900879
0.2212076187133789
0.23588967323303223
0.17959165573120117
0.23444366455078125
0.18411779403686523
0.23579883575439453
0.18192338943481445
0.22336053848266602
0.23339104652404785
0.18824434280395508
0.2234814167022705
0.18036580085754395
0.22169756889343262
0.22539949417114258
0.18563175201416016
0.2274007797241211
0.1888904571533203
0.2250194549560547
0.1930990219116211
0.2167055606842041
0.22729158401489258
0.18277907371520996
0.22710895538330078
0.1833796501159668
0.2277977466583252
0.24204611778259277
0.19712209701538086
0.2369534969329834
0.18418216705322266
0.224595308303833
0.1857607364654541
0.23416733741760254
0.22647333145141602
0.20275282859802246
0.21777987480163574
0.1896531581878662
0.2173323631286621
0.24658894538879395
0.20138812065124512
0.23776769638061523
0.1837766170501709
0.2680165767669678
0.2354423999786377
0.18626880645751953
0.23346447944641113
0.19871020317077637
0.223311185836792
0.2277970314025879
0.20295166969299316
0.23159432411193848
0.19428062438964844
0.2321624755859375
0.23104095458984375
0.1938166618347168
0.24379372596740723
0.20853924751281738
0.21665096282958984
0.24373745918273926
0.18177103996276855
0.23738646507263184
0.17927980422973633
0.23567867279052734
0.17840862274169922
0.22428297996520996
0.22745013236999512
0.1928718090057373
0.21993708610534668
0.24193668365478516
0.18189620971679688
0.23585963249206543
0.19422650337219238
0.24282169342041016
0.2332901954650879
0.18954014778137207
0.2337944507598877
0.1931629180908203
0.21948742866516113
0.23247504234313965
0.19411706924438477
0.2261650562286377
0.1861581802368164
0.22229862213134766
0.23040366172790527
0.18711519241333008
0.230224609375
0.18378305435180664
0.22804665565490723
0.2279529571533203
0.18931794166564941
0.22393465042114258
0.18859171867370605
0.2176990509033203
0.22863459587097168
0.19989514350891113
0.22136473655700684
0.2443528175354004
0.18351268768310547
0.24531841278076172
0.17988014221191406
0.23270773887634277
0.22325468063354492
0.19811749458312988
0.22580289840698242
0.2522852420806885
0.1949629783630371
0.23956990242004395
0.18781208992004395
0.22233057022094727
0.23843002319335938
0.18803977966308594
0.2299962043762207
0.1922752857208252
0.22231340408325195
0.22799372673034668
0.19217610359191895
0.22559237480163574
0.22974896430969238
0.18884634971618652
0.23021483421325684
0.19882845878601074
0.23406243324279785
0.23709487915039062
0.18929028511047363
0.22766828536987305
0.22486066818237305
0.2035379409790039
0.22602272033691406
0.19513225555419922
0.22896885871887207
0.23236870765686035
0.19194698333740234
0.23075294494628906
0.23819398880004883
0.19055628776550293
0.22986125946044922
0.23238921165466309
0.2079601287841797
0.22721648216247559
0.19200873374938965
0.2281022071838379
0.23586392402648926
0.1967628002166748
0.21831822395324707
0.24011588096618652
0.19077253341674805
0.23433637619018555
0.22989225387573242
0.19761419296264648
0.22334003448486328
0.2044987678527832
0.22379136085510254
0.2336726188659668
0.1957406997680664
0.22454142570495605
0.2323741912841797
0.18948745727539062
0.23202729225158691
0.2348940372467041
0.1885364055633545
0.23279023170471191
0.20786786079406738
0.23127388954162598
0.24488329887390137
0.21103239059448242
0.227553129196167
0.2444782257080078
0.1839907169342041
0.2472686767578125
0.2360234260559082
0.19872713088989258
0.23746442794799805
0.25893378257751465
0.21238160133361816
0.24641156196594238
0.20501232147216797
0.23448824882507324
0.24944257736206055
0.2067117691040039
0.2227187156677246
0.24380755424499512
0.19346070289611816
0.2500612735748291
0.23648977279663086
0.2006511688232422
0.23548579216003418
0.24080538749694824
0.19587230682373047
0.23215723037719727
0.23917675018310547
0.19750237464904785
0.25191593170166016
0.2517666816711426
0.20008444786071777
0.2539644241333008
0.2310633659362793
0.20687460899353027
0.2335219383239746
0.2680966854095459
0.19184231758117676
0.23067164421081543
0.190673828125
0.23732590675354004
0.24158024787902832
0.18861174583435059
0.22664117813110352
0.22900843620300293
0.19110965728759766
0.22667503356933594
0.24106645584106445
0.196685791015625
0.22572612762451172
0.25792884826660156
0.19002342224121094
0.2326650619506836
0.2312757968902588
0.19665932655334473
0.21990561485290527
0.24578285217285156
0.18323063850402832
0.23420929908752441
0.2276604175567627
0.19191932678222656
0.21812152862548828
0.23826384544372559
0.19374966621398926
0.2263047695159912
0.23923254013061523
0.18815279006958008
0.23072290420532227
0.23644661903381348
0.19251704216003418
0.22298955917358398
0.24333810806274414
0.26230478286743164
0.20009636878967285
0.2555880546569824
0.23851847648620605
0.2213735580444336
0.22760248184204102
0.25978636741638184
0.1965498924255371
0.240217924118042
0.2608644962310791
0.20635008811950684
0.24045205116271973
0.24174714088439941
0.20658636093139648
0.2518491744995117
0.25202417373657227
0.2045445442199707
0.22510099411010742
0.2554292678833008
0.19132614135742188
0.24355173110961914
0.244553804397583
0.20348024368286133
0.2342517375946045
0.2356736660003662
0.20199847221374512
0.23174548149108887
0.24272918701171875
0.19054460525512695
0.23857903480529785
0.2511179447174072
0.2044384479522705
0.2523767948150635
0.23137879371643066
0.26413583755493164
0.20089101791381836
0.24875998497009277
0.25775909423828125
0.20598697662353516
0.25772690773010254
0.24232101440429688
0.19413113594055176
0.23818612098693848
0.2373664379119873
0.19909286499023438
0.22525405883789062
0.2545185089111328
0.20131278038024902
0.24704337120056152
0.2534139156341553
0.19700908660888672
0.22722959518432617
0.23119401931762695
0.43832898139953613
0.20884084701538086
0.26363468170166016
0.24579453468322754
0.20930719375610352
0.24967479705810547
0.2388441562652588
0.20354032516479492
0.23320245742797852
0.2514152526855469
0.25189948081970215
0.28031229972839355
0.2749314308166504
0.28588271141052246
0.2566101551055908
0.4493827819824219
0.2779426574707031
0.26305174827575684
0.34345531463623047
0.29416799545288086
0.27876877784729004
0.21348905563354492
0.24849224090576172
0.2719388008117676
0.19732403755187988
0.23597383499145508
0.24929285049438477
0.19743824005126953
0.23604297637939453
0.23818588256835938
0.2591559886932373
0.2070455551147461
0.2472519874572754
0.2590811252593994
0.20464491844177246
0.25359058380126953
0.2466292381286621
0.26731109619140625
0.22224068641662598
0.24944090843200684
0.28696608543395996
0.20948386192321777
0.25627946853637695
0.2650012969970703
0.2174978256225586
0.2531764507293701
0.2508997917175293
0.24609017372131348
0.20229387283325195
0.24196076393127441
0.2507050037384033
0.2066330909729004
0.2536323070526123
0.25878024101257324
0.23949193954467773
0.20186161994934082
0.22971820831298828
0.2541818618774414
0.25827598571777344
0.20821905136108398
0.2585642337799072
0.2526087760925293
0.2102365493774414
0.23911285400390625
0.2519376277923584
0.26278185844421387
0.20948433876037598
0.2507457733154297
0.23979806900024414
0.20836091041564941
0.24658799171447754
0.24773788452148438
0.263094425201416
0.217698335647583
0.2545177936553955
0.2455596923828125
0.2062382698059082
0.2558870315551758
0.24533843994140625
0.2621614933013916
0.20920872688293457
0.2536804676055908
0.26059794425964355
0.2604210376739502
0.22320199012756348
0.2336747646331787
0.24931073188781738
0.20784735679626465
0.22830843925476074
0.24416518211364746
0.24268698692321777
0.21590256690979004
0.24273252487182617
0.24749755859375
0.2589254379272461
0.1963047981262207
0.25341105461120605
0.24817395210266113
0.20949554443359375
0.23827910423278809
0.24887514114379883
0.25044989585876465
0.1984879970550537
0.24227070808410645
0.24431371688842773
0.25289344787597656
0.211090087890625
0.23575520515441895
0.24415087699890137
0.2466297149658203
0.19747281074523926
0.2533740997314453
0.24306821823120117
0.25661420822143555
0.20316529273986816
0.2417011260986328
0.24220705032348633
0.24662256240844727
0.20796442031860352
0.2431485652923584
0.2672581672668457
0.19493651390075684
0.24053716659545898
0.24376511573791504
0.2486402988433838
0.20603060722351074
0.23508334159851074
0.2528200149536133
0.2557222843170166
0.20327377319335938
0.24396777153015137
0.24267911911010742
0.2549867630004883
0.19949650764465332
0.24500370025634766
0.24550247192382812
0.2457435131072998
0.26836371421813965
0.2766232490539551
0.2383103370666504
0.25756192207336426
0.19803690910339355
0.24175596237182617
0.24400782585144043
0.2669694423675537
0.2091691493988037
0.2335374355316162
0.24947786331176758
0.2562990188598633
0.19542765617370605
0.2764730453491211
0.26259374618530273
0.27025866508483887
0.19770240783691406
0.24647259712219238
0.2513566017150879
0.2438957691192627
0.2669227123260498
0.21222233772277832
0.23660039901733398
0.25710535049438477
0.2570362091064453
0.21402955055236816
0.24281811714172363
0.26446080207824707
0.26777029037475586
0.2147231101989746
0.26268815994262695
0.2507495880126953
0.24683189392089844
0.2145709991455078
0.2348167896270752
0.26462292671203613
0.2695186138153076
0.20315170288085938
0.24259138107299805
0.24431753158569336
0.25922536849975586
0.20759868621826172
0.233414888381958
0.24867916107177734
0.24445629119873047
0.2683908939361572
0.20756793022155762
0.2442939281463623
0.2505488395690918
0.25168371200561523
0.21443891525268555
0.25392889976501465
0.2448863983154297
0.25843095779418945
0.19661521911621094
0.2457878589630127
0.23505592346191406
0.26584839820861816
0.2585465908050537
0.20871424674987793
0.24898242950439453
0.24618315696716309
0.2622859477996826
0.20635151863098145
0.23726153373718262
0.2599802017211914
0.24354767799377441
0.21918153762817383
0.2448749542236328
0.2636852264404297
0.26811814308166504
0.29384541511535645
0.213029146194458
0.265958309173584
0.2553749084472656
0.2687206268310547
0.2664217948913574
0.20711827278137207
0.25095582008361816
0.24921941757202148
0.2642965316772461
0.21233868598937988
0.2572340965270996
0.2663888931274414
0.2555088996887207
0.2611830234527588
0.2118825912475586
0.24405622482299805
0.26439881324768066
0.27349853515625
0.2166748046875
0.2525599002838135
0.2439565658569336
0.2668330669403076
0.2585892677307129
0.20795130729675293
0.25554823875427246
0.2531437873840332
0.2584364414215088
0.2808985710144043
0.20332074165344238
0.25881004333496094
0.2572622299194336
0.25948429107666016
0.2186298370361328
0.24610543251037598
0.25493311882019043
0.2569394111633301
0.2538290023803711
0.22959375381469727
0.24088263511657715
0.24946022033691406
0.2603137493133545
0.2616746425628662
0.21364808082580566
0.2519547939300537
0.24825239181518555
0.263019323348999
0.2572474479675293
0.21296072006225586
0.2554914951324463
0.2548484802246094
0.25901174545288086
0.2713303565979004
0.20626354217529297
0.2569894790649414
0.24458599090576172
0.2679862976074219
0.2714838981628418
0.2076559066772461
0.24564290046691895
0.25919461250305176
0.25737690925598145
0.2653369903564453
0.20840787887573242
0.25064992904663086
0.26359987258911133
0.25585079193115234
0.27198290824890137
0.21985530853271484
0.24159932136535645
0.26207470893859863
0.24285650253295898
0.2651524543762207
0.21143722534179688
0.24407005310058594
0.2520747184753418
0.25757455825805664
0.258425235748291
0.2732410430908203
0.22185420989990234
0.2579772472381592
0.253969669342041
0.2647972106933594
0.2788681983947754
0.22463607788085938
0.25751781463623047
0.26696228981018066
0.25066232681274414
0.2730233669281006
0.2289900779724121
0.25766420364379883
0.26590728759765625
0.2626221179962158
0.2535569667816162
0.2833864688873291
0.20887470245361328
0.25835561752319336
0.2598121166229248
0.2713489532470703
0.27928853034973145
0.22339200973510742
0.2466599941253662
0.2680399417877197
0.2594301700592041
0.2790095806121826
0.2735574245452881
0.2145524024963379
0.25548648834228516
0.2653007507324219
0.25112414360046387
0.26999711990356445
0.2218000888824463
0.2641639709472656
0.2612795829772949
0.2609519958496094
0.2684600353240967
0.2754945755004883
0.21976423263549805
0.2579078674316406
0.2644362449645996
0.2621462345123291
0.27098774909973145
0.2682912349700928
0.21756911277770996
0.26908230781555176
0.25129008293151855
0.25575852394104004
0.263247013092041
0.27011919021606445
0.2247006893157959
0.25787782669067383
0.24483275413513184
0.2693357467651367
0.26543593406677246
0.26741504669189453
0.2172236442565918
0.253521203994751
0.2563652992248535
0.2633857727050781
0.27042102813720703
0.27883172035217285
0.21124053001403809
0.2570052146911621
0.2585439682006836
0.2628326416015625
0.27868008613586426
0.2815055847167969
0.2229022979736328
0.2802727222442627
0.27332186698913574
0.26600193977355957
0.266498327255249
0.28698158264160156
0.21548843383789062
0.2611246109008789
0.25537753105163574
0.25653719902038574
0.2771341800689697
0.27101969718933105
0.20899677276611328
0.2678344249725342
0.248291015625
0.29453039169311523
0.27356505393981934
0.26447129249572754
0.2646310329437256
0.23053908348083496
0.24846768379211426
0.2730140686035156
0.27008485794067383
0.2638821601867676
0.2800869941711426
0.21813631057739258
0.27201223373413086
0.2672297954559326
0.2519683837890625
0.26594996452331543
0.2756922245025635
0.28533101081848145
0.21051764488220215
0.26668834686279297
0.2636113166809082
0.26987504959106445
0.2594125270843506
0.2728698253631592
0.2887871265411377
0.22813129425048828
0.2523519992828369
0.2961084842681885
0.27709102630615234
0.27757763862609863
0.27644801139831543
0.28950023651123047
0.2152695655822754
0.26995348930358887
0.2716515064239502
0.28054285049438477
0.277667760848999
0.3038656711578369
0.2698662281036377
0.23310518264770508
0.2525320053100586
0.2656822204589844
0.26900577545166016
0.26872873306274414
0.2700815200805664
0.2859635353088379
0.21520161628723145
0.2693448066711426
0.2724447250366211
0.2671477794647217
0.27213549613952637
0.2812206745147705
0.26668787002563477
0.2326664924621582
0.26244401931762695
0.26184558868408203
0.2788724899291992
0.27990174293518066
0.26882481575012207
0.2867112159729004
0.2782437801361084
0.221343994140625
0.2604961395263672
0.2692735195159912
0.25676989555358887
0.284665584564209
0.26706433296203613
0.2938241958618164
0.2244892120361328
0.2587456703186035
0.26623010635375977
0.2699112892150879
0.2554011344909668
0.2775120735168457
0.2689244747161865
0.27744102478027344
0.2250537872314453
0.2682485580444336
0.2499246597290039
0.2816448211669922
0.2616157531738281
0.27374768257141113
0.2757143974304199
0.290539026260376
0.21455955505371094
0.26962733268737793
0.25621867179870605
0.2784609794616699
0.2693288326263428
0.2729816436767578
0.2743394374847412
0.2974717617034912
0.2688164710998535
0.23080086708068848
0.27095723152160645
0.26899290084838867
0.26856446266174316
0.2943301200866699
0.26045989990234375
0.28714489936828613
0.28219032287597656
0.2257368564605713
0.25231456756591797
0.2835071086883545
0.26021885871887207
0.2826879024505615
0.27186131477355957
0.2759413719177246
0.26503944396972656
0.30456995964050293
0.272005558013916
0.2277050018310547
0.2601633071899414
0.28266453742980957
0.26798391342163086
0.28217530250549316
0.263474702835083
0.2930259704589844
0.28183627128601074
0.28270864486694336
0.23343205451965332
0.28549814224243164
0.2608909606933594
0.2806730270385742
0.28148746490478516
0.27478814125061035
0.28397440910339355
0.30205869674682617
0.27930426597595215
0.23963403701782227
0.2689402103424072
0.263230562210083
0.27289533615112305
0.2895193099975586
0.26062798500061035
0.28851938247680664
0.27898645401000977
0.28375768661499023
0.2774655818939209
0.23712587356567383
0.2518143653869629
0.28043675422668457
0.27419185638427734
0.2704346179962158
0.26527881622314453
0.2861640453338623
0.27168965339660645
0.2863292694091797
0.2798011302947998
0.29486942291259766
0.22401857376098633
0.28208327293395996
0.2694394588470459
0.2781093120574951
0.26983165740966797
0.27763915061950684
0.2774684429168701
0.28745603561401367
0.2847139835357666
0.29036712646484375
0.2167060375213623
0.26755690574645996
0.26254963874816895
0.27791833877563477
0.2639272212982178
0.26915812492370605
0.27076125144958496
0.2881801128387451
0.274791955947876
0.29122281074523926
0.2777717113494873
0.29291605949401855
0.24238801002502441
0.27869558334350586
0.26067042350769043
0.273787260055542
0.2661759853363037
0.2746880054473877
0.28700852394104004
0.3175692558288574
0.2821667194366455
0.2917826175689697
0.28978490829467773
0.29750657081604004
0.21718573570251465
0.2735929489135742
0.27219581604003906
0.2844204902648926
0.2807016372680664
0.2817203998565674
0.27417564392089844
0.28397369384765625
0.2959728240966797
0.2973458766937256
0.2848846912384033
0.3073554039001465
0.28724026679992676
0.2474825382232666
0.28255558013916016
0.28912949562072754
0.26275205612182617
0.2888822555541992
0.27962470054626465
0.29119181632995605
0.26874423027038574
0.290912389755249
0.28634047508239746
0.2882859706878662
0.29482221603393555
0.3075430393218994
0.2858147621154785
0.234330415725708
0.2655651569366455
0.26975488662719727
0.26729440689086914
0.28702306747436523
0.2766995429992676
0.27924346923828125
0.28266310691833496
0.27409791946411133
0.2753891944885254
0.2965679168701172
0.28177547454833984
0.2837989330291748
0.2888150215148926
0.30399417877197266
0.23023581504821777
0.27147936820983887
0.26763033866882324
0.2725400924682617
0.26714396476745605
0.28204345703125
0.276961088180542
0.2632570266723633
0.2798781394958496
0.27300119400024414
0.2656433582305908
0.294297456741333
0.2892730236053467
0.2785313129425049
0.28012537956237793
0.2865762710571289
0.28006887435913086
0.28299641609191895
0.24030256271362305
0.25389766693115234
0.262584924697876
0.2654993534088135
0.2680697441101074
0.2696375846862793
0.2794966697692871
0.27849483489990234
0.2767300605773926
0.27193641662597656
0.27030491828918457
0.27928590774536133
0.28011584281921387
0.2783515453338623
0.287945032119751
0.28566670417785645
0.2940101623535156
0.2781186103820801
0.3006861209869385
0.2383122444152832
0.25598764419555664
0.2720046043395996
0.2641267776489258
0.2709009647369385
0.275407075881958
0.26888227462768555
0.2639892101287842
0.27315378189086914
0.2792534828186035
0.27521181106567383
0.285449743270874
0.2727203369140625
0.2731587886810303
0.28329944610595703
0.28408288955688477
0.27228593826293945
0.29213666915893555
0.2870790958404541
0.28666090965270996
0.29100465774536133
0.28739070892333984
0.27916955947875977
0.2922525405883789
0.23601341247558594
0.26746296882629395
0.2778513431549072
0.2841148376464844
0.26559019088745117
0.27791500091552734
0.28269386291503906
0.2658822536468506
0.26987791061401367
0.28812742233276367
0.26782846450805664
0.27051258087158203
0.27483129501342773
0.27189159393310547
0.2727546691894531
0.28293538093566895
0.27109527587890625
0.2784538269042969
0.2993738651275635
0.28555750846862793
0.28174281120300293
0.2931175231933594
0.2938218116760254
0.2886934280395508
0.2938103675842285
0.2931687831878662
0.29320311546325684
0.2801096439361572
0.30294227600097656
0.309359073638916
0.2885425090789795
0.22949004173278809
0.27466249465942383
0.26102256774902344
0.26674509048461914
0.2737138271331787
0.25795960426330566
0.26917505264282227
0.2841336727142334
0.2642333507537842
0.27391767501831055
0.30600762367248535
0.26613545417785645
0.2714262008666992
0.27333950996398926
0.26613616943359375
0.272996187210083
0.28046464920043945
0.2671034336090088
0.272991418838501
0.272411584854126
0.2602677345275879
0.26957130432128906
0.27173924446105957
0.27297115325927734
0.2670931816101074
0.27890753746032715
0.2699930667877197
0.2709007263183594
0.27543163299560547
0.28964924812316895
0.2614586353302002
0.27986621856689453
0.2707252502441406
0.27079272270202637
0.2880058288574219
0.27417731285095215
0.2750701904296875
0.27777814865112305
0.27190542221069336
0.2795097827911377
0.278700590133667
0.27193784713745117
0.2629842758178711
0.27823758125305176
0.29166555404663086
0.27809786796569824
0.2650108337402344
0.3360941410064697
0.23631548881530762
0.26276373863220215
0.28415679931640625
0.28553223609924316
0.27629971504211426
0.2823464870452881
0.271836519241333
0.2719748020172119
0.33868908882141113
0.24694061279296875
0.2892570495605469
0.26568078994750977
0.26816654205322266
0.27847933769226074
0.26494765281677246
0.28354620933532715
0.34337472915649414
0.23498129844665527
0.2718496322631836
0.27588725090026855
0.2759523391723633
0.2671482563018799
0.2829899787902832
0.3454701900482178
0.22986984252929688
0.2858412265777588
0.2720470428466797
0.26349353790283203
0.34070777893066406
0.2328050136566162
0.2784552574157715
0.29473257064819336
0.2771587371826172
0.35092926025390625
0.258075475692749
0.28037476539611816
0.2799069881439209
0.2771306037902832
0.3410215377807617
0.23954105377197266
0.2704319953918457
0.2860095500946045
0.33387184143066406
0.23151612281799316
0.2799685001373291
0.3404514789581299
0.23226428031921387
0.2787184715270996
0.28577637672424316
0.32968688011169434
0.23899626731872559
0.28296613693237305
0.26783013343811035
0.33887147903442383
0.24092721939086914
0.2770099639892578
0.269054651260376
0.349290132522583
