0.07287716865539551
0.06000494956970215
0.059424638748168945
0.05978870391845703
0.06535720825195312
0.06021523475646973
0.06043267250061035
0.05989789962768555
0.06426596641540527
0.06451630592346191
0.060704946517944336
0.0608367919921875
0.06541991233825684
0.0661015510559082
0.0679175853729248
0.06898641586303711
0.06971597671508789
0.06921029090881348
0.07407975196838379
0.07271742820739746
0.06999039649963379
0.0699622631072998
0.07030677795410156
0.07275247573852539
0.07174515724182129
0.07385826110839844
0.07097530364990234
0.0730433464050293
0.08463525772094727
0.0716395378112793
0.07368826866149902
0.07368111610412598
0.07192182540893555
0.07318425178527832
0.0723719596862793
0.07165050506591797
0.07369041442871094
0.07526063919067383
0.07197117805480957
0.07298946380615234
0.0733637809753418
0.07311844825744629
0.07281708717346191
0.07424521446228027
0.07359528541564941
0.07389092445373535
0.07201290130615234
0.07465648651123047
0.07267260551452637
0.07231473922729492
0.07297515869140625
0.07556295394897461
0.09258770942687988
0.07660675048828125
0.07445502281188965
0.07534575462341309
0.07517123222351074
0.07786965370178223
0.07496380805969238
0.07563138008117676
0.07746481895446777
0.07544326782226562
0.07593441009521484
0.07521724700927734
0.07596492767333984
0.07502126693725586
0.0814049243927002
0.07494306564331055
0.07855701446533203
0.07675576210021973
0.07618379592895508
0.07919049263000488
0.07604146003723145
0.08078193664550781
0.07826471328735352
0.07818984985351562
0.07642078399658203
0.07989096641540527
0.0805656909942627
0.07802557945251465
0.07660174369812012
0.07793235778808594
0.08425259590148926
0.09911465644836426
0.07842421531677246
0.08089947700500488
0.08005905151367188
0.08424520492553711
0.08202600479125977
0.07974720001220703
0.08069872856140137
0.08091616630554199
0.07982778549194336
0.08046913146972656
0.08147525787353516
0.0804145336151123
0.08458280563354492
0.0828557014465332
0.08240747451782227
0.0832834243774414
0.08316564559936523
0.08373570442199707
0.08095693588256836
0.08518719673156738
0.08095574378967285
0.08478927612304688
0.08169102668762207
0.08206629753112793
0.08036470413208008
0.08208131790161133
0.08066225051879883
0.0822293758392334
0.07995843887329102
0.08283185958862305
0.08611583709716797
0.08960127830505371
0.0837860107421875
0.0915827751159668
0.08442211151123047
0.08437967300415039
0.0837411880493164
0.08834695816040039
0.08543539047241211
0.08470344543457031
0.08310890197753906
0.08483743667602539
0.08983564376831055
0.08729887008666992
0.08519816398620605
0.08951735496520996
0.09119009971618652
0.08944272994995117
0.09082841873168945
0.08352971076965332
0.08914065361022949
0.08449459075927734
0.08700823783874512
0.08778572082519531
0.08538579940795898
0.08545088768005371
0.08540821075439453
0.08474183082580566
0.08599233627319336
0.08823966979980469
0.08621096611022949
0.11110424995422363
0.09868431091308594
0.09264039993286133
0.0862584114074707
0.08912348747253418
0.08936142921447754
0.0896158218383789
0.08927321434020996
0.0877070426940918
0.0870518684387207
0.09067463874816895
0.0866999626159668
0.0895240306854248
0.08740615844726562
0.08823108673095703
0.08887672424316406
0.09522795677185059
0.08835721015930176
0.08994889259338379
0.09380793571472168
0.0887606143951416
0.089263916015625
0.09175586700439453
0.08928036689758301
0.09071874618530273
0.0901179313659668
0.08957743644714355
0.09090399742126465
0.09131765365600586
0.09683537483215332
0.08950114250183105
0.08867120742797852
0.09198737144470215
0.08999395370483398
0.09415221214294434
0.09223294258117676
0.09494638442993164
0.1288156509399414
0.09230637550354004
0.08977270126342773
0.09165835380554199
0.09410285949707031
0.0897209644317627
0.09095573425292969
0.08999466896057129
0.09137296676635742
0.09449219703674316
0.09269309043884277
0.08980059623718262
0.09764838218688965
0.09382987022399902
0.09519553184509277
0.09286618232727051
0.09518980979919434
0.09526681900024414
0.09151148796081543
0.09511184692382812
0.09319019317626953
0.09194064140319824
0.09194731712341309
0.09527778625488281
0.09127092361450195
0.09424853324890137
0.1263265609741211
0.10507059097290039
0.10104560852050781
0.09561371803283691
0.09665274620056152
0.12084674835205078
0.09721565246582031
0.10173320770263672
0.09566330909729004
0.12920308113098145
0.09561729431152344
0.09772801399230957
0.09456682205200195
0.10392189025878906
0.09913420677185059
0.0963590145111084
0.09708642959594727
0.12813091278076172
0.10402441024780273
0.09978294372558594
0.09656453132629395
0.09757685661315918
0.10054707527160645
0.09846925735473633
0.09670376777648926
0.09825873374938965
0.09673333168029785
0.09760212898254395
0.09795403480529785
0.10658717155456543
0.09853863716125488
0.10045552253723145
0.09681153297424316
0.09753894805908203
0.09923505783081055
0.0975792407989502
0.1029958724975586
0.10788536071777344
0.13403701782226562
0.09758257865905762
0.10127520561218262
0.10003423690795898
0.10003376007080078
0.1052701473236084
0.1019136905670166
0.09735465049743652
0.10194134712219238
0.10523653030395508
0.10464024543762207
0.0997166633605957
0.09885954856872559
0.10685110092163086
0.10263991355895996
0.10062980651855469
0.10086703300476074
0.09891200065612793
0.10622668266296387
0.10167169570922852
0.10051989555358887
0.09927129745483398
0.10157322883605957
0.10013222694396973
0.10176324844360352
0.10119795799255371
0.10131454467773438
0.10439538955688477
0.10357093811035156
0.10088610649108887
0.10845327377319336
0.10354852676391602
0.10280537605285645
0.1043086051940918
0.1010134220123291
0.10493183135986328
0.10491776466369629
0.10782098770141602
0.10006260871887207
0.13692069053649902
0.11579489707946777
0.10921502113342285
0.10442638397216797
0.11256694793701172
0.1071009635925293
0.1033639907836914
0.10457181930541992
0.1027679443359375
0.10611677169799805
0.10298418998718262
0.10721421241760254
0.10351705551147461
0.10491085052490234
0.11427092552185059
0.10231232643127441
0.10532069206237793
0.10658955574035645
0.10417389869689941
0.10578775405883789
0.10491085052490234
0.13433551788330078
0.11020374298095703
0.10595417022705078
0.10610508918762207
0.11074566841125488
0.11395072937011719
0.1135103702545166
0.10650825500488281
0.35857558250427246
0.11765360832214355
0.10740542411804199
0.10616207122802734
0.10693526268005371
0.10668301582336426
0.10818076133728027
0.10683083534240723
0.11635661125183105
0.11608171463012695
0.12255477905273438
0.11034655570983887
0.11113762855529785
0.10819196701049805
0.11131119728088379
0.1152350902557373
0.11429548263549805
0.11628246307373047
0.1094207763671875
0.11254477500915527
0.11018872261047363
0.11147832870483398
0.11084532737731934
0.10882091522216797
0.11763215065002441
0.11223626136779785
0.109130859375
0.11000204086303711
0.11467313766479492
0.11081814765930176
0.11444520950317383
0.11870312690734863
0.11696314811706543
0.1098322868347168
0.11107182502746582
0.1113436222076416
0.14745044708251953
0.11240291595458984
0.11773943901062012
0.11696696281433105
0.11218953132629395
0.1145472526550293
0.11872267723083496
0.11364388465881348
0.11413812637329102
0.1206967830657959
0.11168551445007324
0.11965322494506836
0.11973142623901367
0.12196040153503418
0.1165916919708252
0.11891698837280273
0.11424756050109863
0.11414861679077148
0.11847591400146484
0.1150202751159668
0.11550402641296387
0.12821507453918457
0.11474156379699707
0.1138153076171875
0.11527681350708008
0.11647844314575195
0.11609315872192383
0.1210479736328125
0.11783695220947266
0.12845420837402344
0.11506319046020508
0.11580681800842285
0.12041258811950684
0.11618494987487793
0.12076067924499512
0.12279486656188965
0.11819577217102051
0.11536622047424316
0.11727190017700195
0.12054157257080078
0.1301887035369873
0.1195671558380127
0.1224520206451416
0.11791419982910156
0.12040829658508301
0.11709785461425781
0.1179051399230957
0.1154317855834961
0.11711835861206055
0.1172170639038086
0.11693477630615234
0.1176290512084961
0.12116122245788574
0.11754107475280762
0.11798572540283203
0.1187734603881836
0.1225423812866211
0.11852598190307617
0.15332460403442383
0.12256145477294922
0.11932516098022461
0.11831092834472656
0.12828397750854492
0.1318216323852539
0.12357974052429199
0.1200251579284668
0.12315535545349121
0.12208819389343262
0.1217648983001709
0.11994719505310059
0.11832880973815918
0.12522435188293457
0.12064313888549805
0.12169408798217773
0.12418007850646973
0.12084364891052246
0.15386176109313965
0.12408661842346191
0.12098145484924316
0.12198352813720703
0.12941670417785645
0.12189793586730957
0.12845063209533691
0.12197041511535645
0.13878846168518066
0.12285518646240234
0.1290125846862793
0.1227729320526123
0.13551974296569824
0.12686872482299805
0.12190794944763184
0.12221789360046387
0.12063336372375488
0.12493634223937988
0.12327337265014648
0.1252155303955078
0.12699437141418457
0.13101673126220703
0.12335753440856934
0.12190508842468262
0.12350034713745117
0.15796613693237305
0.13524937629699707
0.12534070014953613
0.13207459449768066
0.12683725357055664
0.12677431106567383
0.12911701202392578
0.12237381935119629
0.12578558921813965
0.15791106224060059
0.13377094268798828
0.13092803955078125
0.13295793533325195
0.1260232925415039
0.12697696685791016
0.1245732307434082
0.15774798393249512
0.12580275535583496
0.129378080368042
0.12675166130065918
0.12610387802124023
0.13242650032043457
0.12560343742370605
0.13336491584777832
0.13980722427368164
0.1324779987335205
0.1293652057647705
0.12635350227355957
0.13423752784729004
0.16055035591125488
0.12852787971496582
0.13154387474060059
0.1349942684173584
0.13811397552490234
0.12914800643920898
0.13762235641479492
0.1363990306854248
0.12648963928222656
0.13251209259033203
0.16407012939453125
0.13194704055786133
0.1382439136505127
0.12948250770568848
0.13802075386047363
0.13193225860595703
0.13016271591186523
0.13942337036132812
0.1347823143005371
0.1314384937286377
0.13284039497375488
0.13115429878234863
0.13185405731201172
0.1373300552368164
0.1317274570465088
0.13380002975463867
0.1405634880065918
0.13263702392578125
0.13132882118225098
0.1379384994506836
0.1327962875366211
0.1336197853088379
0.13710331916809082
0.13280224800109863
0.14035630226135254
0.14342236518859863
0.13662052154541016
0.13624811172485352
0.13664817810058594
0.1331315040588379
0.14250707626342773
0.1338667869567871
0.13520526885986328
0.13537120819091797
0.13233709335327148
0.13354849815368652
0.13435721397399902
0.13470053672790527
0.13401031494140625
0.14467811584472656
0.14064836502075195
0.14601683616638184
0.1381821632385254
0.16862988471984863
0.1712648868560791
0.13674426078796387
0.1392955780029297
0.13382196426391602
0.1436750888824463
0.13828730583190918
0.1372530460357666
0.15686559677124023
0.13640069961547852
0.14567923545837402
0.1405506134033203
0.13744640350341797
0.136368989944458
0.16162490844726562
0.13937020301818848
0.13769793510437012
0.13703656196594238
0.14078497886657715
0.16982388496398926
0.14299917221069336
0.13911962509155273
0.14429855346679688
0.1620328426361084
0.14175033569335938
0.2324676513671875
0.1385517120361328
0.15653085708618164
0.1398932933807373
0.1388101577758789
0.13866209983825684
0.14402294158935547
0.15260767936706543
0.14546895027160645
0.14011383056640625
0.14461469650268555
0.14632797241210938
0.14098477363586426
0.1503288745880127
0.14307165145874023
0.14758539199829102
0.14068317413330078
0.14134812355041504
0.1397562026977539
0.13799619674682617
0.13869476318359375
0.1399388313293457
0.13816428184509277
0.14081573486328125
0.14158296585083008
0.13894009590148926
0.13956427574157715
0.1400282382965088
0.13890457153320312
0.13979029655456543
0.13873696327209473
0.14270758628845215
0.13932251930236816
0.1395866870880127
0.14012765884399414
0.13973045349121094
0.14007806777954102
0.14305782318115234
0.1394636631011963
0.14053988456726074
0.1401805877685547
0.13997101783752441
0.14133071899414062
0.14719510078430176
0.14410090446472168
0.14172673225402832
0.1436448097229004
0.14214372634887695
0.14073467254638672
0.14090871810913086
0.14308524131774902
0.14429354667663574
0.14216327667236328
0.14432883262634277
0.14310145378112793
0.14674139022827148
0.14456415176391602
0.1449902057647705
0.1454322338104248
0.14594054222106934
0.14448285102844238
0.14501357078552246
0.14238500595092773
0.14526128768920898
0.1432666778564453
0.14245867729187012
0.14461731910705566
0.1461496353149414
0.1475369930267334
0.14663934707641602
0.1463463306427002
0.14619112014770508
0.1444408893585205
0.1468198299407959
0.14837908744812012
0.1474316120147705
0.14689159393310547
0.14519906044006348
0.15883469581604004
0.14597439765930176
0.1448042392730713
0.14558720588684082
0.1480414867401123
0.14896774291992188
0.14575576782226562
0.14719533920288086
0.1482234001159668
0.14713573455810547
0.14782285690307617
0.1513533592224121
0.1473696231842041
0.14890122413635254
0.1473865509033203
0.1491243839263916
0.14707350730895996
0.15620183944702148
0.15092086791992188
0.14894366264343262
0.14821863174438477
0.15078210830688477
0.1495511531829834
0.1532878875732422
0.15181279182434082
0.1502382755279541
0.1479196548461914
0.1484827995300293
0.15030407905578613
0.15193629264831543
0.15369272232055664
0.15247178077697754
0.15135622024536133
0.1519179344177246
0.15195155143737793
0.15057015419006348
0.15271925926208496
0.1515214443206787
0.15043282508850098
0.1514143943786621
0.15253353118896484
0.15234708786010742
0.1553807258605957
0.15497541427612305
0.15135407447814941
0.1520373821258545
0.15050673484802246
0.1507570743560791
0.15656304359436035
0.15291070938110352
0.15928173065185547
0.15292763710021973
0.1509993076324463
0.1553025245666504
0.15707707405090332
0.15390515327453613
0.15292572975158691
0.15562915802001953
0.15512490272521973
0.16630768775939941
0.15540862083435059
0.15498971939086914
0.15592718124389648
0.1564497947692871
0.15385842323303223
0.15353655815124512
0.1650254726409912
0.1552598476409912
0.15466070175170898
0.15713906288146973
0.15389370918273926
0.15366768836975098
0.1575477123260498
0.15469050407409668
0.15523838996887207
0.1557927131652832
0.15582942962646484
0.1553184986114502
0.15960454940795898
0.15410327911376953
0.15631508827209473
0.16047167778015137
0.15718913078308105
0.15829253196716309
0.16132807731628418
0.15809965133666992
0.15557479858398438
0.15589642524719238
0.15751004219055176
0.15712404251098633
0.15729165077209473
0.15869808197021484
0.15886712074279785
0.15864086151123047
0.16174769401550293
0.15753912925720215
0.1600325107574463
0.15888762474060059
0.16131138801574707
0.1654665470123291
0.16079163551330566
0.15784335136413574
0.1604018211364746
0.16068673133850098
0.15981769561767578
0.16035246849060059
0.1598067283630371
0.16136455535888672
0.16158008575439453
0.16003799438476562
0.1620776653289795
0.16015386581420898
0.16049671173095703
0.16075778007507324
0.1649494171142578
0.16194367408752441
0.1601419448852539
0.16250371932983398
0.16075348854064941
0.15976166725158691
0.16430878639221191
0.1628422737121582
0.16102957725524902
0.16168928146362305
0.1632373332977295
0.1644575595855713
0.16439342498779297
0.16672110557556152
0.1627497673034668
0.1636497974395752
0.16149163246154785
0.16515517234802246
0.16475701332092285
0.16382670402526855
0.16282081604003906
0.16315913200378418
0.17040729522705078
0.1651766300201416
0.16469120979309082
0.18140244483947754
0.16490674018859863
0.16824674606323242
0.1644425392150879
0.16562747955322266
0.16585516929626465
0.16704607009887695
0.16414093971252441
0.1645188331604004
0.16724753379821777
0.16672468185424805
0.16599607467651367
0.16592121124267578
0.16492390632629395
0.1691739559173584
0.16782045364379883
0.16489958763122559
0.1661999225616455
0.16815805435180664
0.16689682006835938
0.17102575302124023
0.16497278213500977
0.16568565368652344
0.18212437629699707
0.16522812843322754
0.17330574989318848
0.1685047149658203
0.1663365364074707
0.16710829734802246
0.16659760475158691
0.1660292148590088
0.16930937767028809
0.1688976287841797
0.16633939743041992
0.16925930976867676
0.17131304740905762
0.17014789581298828
0.1701803207397461
0.1698894500732422
0.16790771484375
0.1672825813293457
0.1673727035522461
0.17112302780151367
0.17300891876220703
0.16922450065612793
0.1732194423675537
0.17955994606018066
0.17247915267944336
0.17096209526062012
0.16686201095581055
0.17250990867614746
0.16984796524047852
0.17077922821044922
0.1712644100189209
0.17514967918395996
0.17065811157226562
0.16949987411499023
0.1710970401763916
0.17089009284973145
0.17084550857543945
0.17051339149475098
0.17407536506652832
0.1712191104888916
0.17070579528808594
0.1711719036102295
0.17404413223266602
0.17450332641601562
0.1711280345916748
0.17183494567871094
0.17127251625061035
0.17535758018493652
0.1716141700744629
0.17390680313110352
0.17637109756469727
0.1737995147705078
0.17215800285339355
0.1831364631652832
0.18122339248657227
0.18218445777893066
0.17943906784057617
0.18286705017089844
0.18604731559753418
0.18590688705444336
0.18526124954223633
0.180769681930542
0.18033385276794434
0.18552446365356445
0.18337726593017578
0.18358850479125977
0.18501043319702148
0.18366217613220215
0.1854240894317627
0.18468546867370605
0.18167853355407715
0.18433237075805664
0.18611502647399902
0.18498563766479492
0.189955472946167
0.1828479766845703
0.18454360961914062
0.18190503120422363
0.18335866928100586
0.18598532676696777
0.18615412712097168
0.1819164752960205
0.1852583885192871
0.19349098205566406
0.18641924858093262
0.18371319770812988
0.18557143211364746
0.1868903636932373
0.18727421760559082
0.19165563583374023
0.1836709976196289
0.18673968315124512
0.18781256675720215
0.1858227252960205
0.18899226188659668
0.1851215362548828
0.1868607997894287
0.18698668479919434
0.18678736686706543
0.18858718872070312
0.18824124336242676
0.18894100189208984
0.18851017951965332
0.18649554252624512
0.18883872032165527
0.18701434135437012
0.18633103370666504
0.19230961799621582
0.18949270248413086
0.18876361846923828
0.268143892288208
0.18966078758239746
0.18782806396484375
0.18832993507385254
0.1906890869140625
0.19083786010742188
0.18932533264160156
0.18848848342895508
0.18967795372009277
0.1910398006439209
0.18960213661193848
0.19088244438171387
0.1886293888092041
0.19066238403320312
0.18973970413208008
0.18932771682739258
0.19004034996032715
0.19170761108398438
0.19180846214294434
0.19492483139038086
0.19016313552856445
0.19268250465393066
0.19550275802612305
0.1916968822479248
0.1940782070159912
0.20562267303466797
0.19165492057800293
0.19437360763549805
0.19464778900146484
0.19197297096252441
0.19247865676879883
0.19371962547302246
0.19413495063781738
0.1956322193145752
0.19419336318969727
0.19310808181762695
0.19440841674804688
0.19252896308898926
0.19440770149230957
0.1930103302001953
0.19226336479187012
0.19478106498718262
0.19286441802978516
0.19669294357299805
0.19852852821350098
0.19441914558410645
0.19681024551391602
0.19664573669433594
0.1974496841430664
0.19683551788330078
0.19628429412841797
0.19701480865478516
0.19647789001464844
0.19916176795959473
0.1968705654144287
0.19799351692199707
0.19556212425231934
0.19565653800964355
0.21941900253295898
0.19661831855773926
0.1965949535369873
0.19731783866882324
0.19786763191223145
0.19747424125671387
0.19785523414611816
0.19541645050048828
0.19626975059509277
0.19659042358398438
0.19779539108276367
0.1983635425567627
0.19749999046325684
0.21863627433776855
0.19871950149536133
0.20100879669189453
0.19858551025390625
0.19965338706970215
0.20023131370544434
0.20055484771728516
0.1992664337158203
0.19773030281066895
0.19843387603759766
0.19822120666503906
0.1998281478881836
0.1996316909790039
0.20456314086914062
0.20310401916503906
0.19974064826965332
0.20822691917419434
0.19988465309143066
0.20351767539978027
0.19998621940612793
0.20476460456848145
0.20268630981445312
0.20096158981323242
0.20236778259277344
0.19974541664123535
0.2053208351135254
0.20642948150634766
0.2024989128112793
0.20087313652038574
0.2035655975341797
0.20380663871765137
0.20238924026489258
0.22524642944335938
0.20446228981018066
0.20337486267089844
0.20415711402893066
0.20133447647094727
0.20486688613891602
0.20621728897094727
0.20514273643493652
0.20080232620239258
0.2017364501953125
0.2019646167755127
0.21085882186889648
0.2026052474975586
0.20444059371948242
0.2007126808166504
0.2070009708404541
0.20427942276000977
0.20319485664367676
0.20168471336364746
0.22101378440856934
0.20515656471252441
0.2090294361114502
0.21074271202087402
0.20987510681152344
0.20804238319396973
0.21061372756958008
0.20914149284362793
0.20981240272521973
0.2059309482574463
0.20615410804748535
0.2117137908935547
0.2061448097229004
0.20690393447875977
0.20803403854370117
0.21134233474731445
0.2097489833831787
0.2074732780456543
0.20809316635131836
0.20792078971862793
0.20926618576049805
0.20651865005493164
0.21608853340148926
0.2098093032836914
0.21474933624267578
0.2110764980316162
0.21162176132202148
0.21644186973571777
0.21195673942565918
0.22897577285766602
0.2078380584716797
0.20849108695983887
0.20940423011779785
0.21314287185668945
0.20943880081176758
0.20855116844177246
0.20872116088867188
0.22046184539794922
0.2135767936706543
0.21004533767700195
0.21288061141967773
0.21053719520568848
0.20864653587341309
0.23036694526672363
0.21328258514404297
0.2109532356262207
0.21447324752807617
0.21521353721618652
0.21649503707885742
0.23099637031555176
0.21624493598937988
0.21250677108764648
0.21343564987182617
0.20995140075683594
0.20937824249267578
0.21399617195129395
0.21611547470092773
0.21297025680541992
0.21257352828979492
0.21488595008850098
0.2129802703857422
0.212416410446167
0.21393489837646484
0.21412253379821777
0.21341228485107422
0.21476244926452637
0.21428775787353516
0.21361613273620605
0.21068692207336426
0.21332907676696777
0.21465063095092773
0.2162189483642578
0.2169783115386963
0.21596145629882812
0.21706652641296387
0.21306800842285156
0.21648716926574707
0.21963191032409668
0.2203054428100586
0.21395206451416016
0.21962666511535645
0.2196216583251953
0.21943235397338867
0.21942615509033203
0.21945881843566895
0.21904516220092773
0.2165067195892334
0.21722722053527832
0.21593308448791504
0.21747040748596191
0.21936941146850586
0.2251579761505127
0.21736502647399902
0.21711015701293945
0.21767497062683105
0.22116994857788086
0.2202281951904297
0.21750879287719727
0.21647334098815918
0.21630525588989258
0.21833467483520508
0.2170701026916504
0.2193470001220703
0.21881604194641113
0.21958613395690918
0.22424817085266113
0.22873711585998535
0.2202761173248291
0.21931052207946777
0.22629380226135254
0.2183847427368164
0.21970009803771973
0.2193753719329834
0.22185444831848145
0.22172856330871582
0.22083377838134766
0.22550535202026367
0.2203366756439209
0.22839999198913574
0.22376036643981934
0.2260138988494873
0.22154498100280762
0.22297406196594238
0.2235426902770996
0.226043701171875
0.22418904304504395
0.22519183158874512
0.2218940258026123
0.22713017463684082
0.22074365615844727
0.22385025024414062
0.2313249111175537
0.2269899845123291
0.22315049171447754
0.22098469734191895
0.22645306587219238
0.22417497634887695
0.2234508991241455
0.22830820083618164
0.22991609573364258
0.22783637046813965
0.2223834991455078
0.22537827491760254
0.22632431983947754
0.22600960731506348
0.2248845100402832
0.2254638671875
0.2238173484802246
0.2304539680480957
0.22985076904296875
0.22691917419433594
0.28214073181152344
0.22890162467956543
0.2247912883758545
0.22528481483459473
0.22629356384277344
0.2293698787689209
0.2253708839416504
0.2248995304107666
0.22604107856750488
0.22761988639831543
0.22461318969726562
0.227219820022583
0.22269392013549805
0.22587060928344727
0.22584128379821777
0.2257094383239746
0.22637414932250977
0.22607707977294922
0.2396225929260254
0.22693276405334473
0.23787927627563477
0.23096704483032227
0.23579645156860352
0.22912907600402832
0.23301076889038086
0.23056411743164062
0.22923970222473145
0.23475027084350586
0.22775602340698242
0.22926545143127441
0.23076486587524414
0.22700738906860352
0.2313404083251953
0.22840070724487305
0.2290339469909668
0.2279057502746582
0.23009514808654785
0.2302079200744629
0.22813105583190918
0.22634148597717285
0.23156285285949707
0.231827974319458
0.23720669746398926
0.23499584197998047
0.23438715934753418
0.23162317276000977
0.237166166305542
0.2322981357574463
0.23467278480529785
0.23703360557556152
0.22999119758605957
0.24142956733703613
0.23593592643737793
0.23469090461730957
0.22974157333374023
0.24578595161437988
0.2324690818786621
0.23715472221374512
0.2375638484954834
0.2413616180419922
0.23844671249389648
0.24170255661010742
0.23449945449829102
0.2364816665649414
0.23518085479736328
0.23211979866027832
0.2382807731628418
0.2393033504486084
0.23611211776733398
0.23990869522094727
0.23113679885864258
0.23741769790649414
0.2319779396057129
0.23755717277526855
0.23250365257263184
0.23639845848083496
0.23426365852355957
0.2448101043701172
0.23610687255859375
0.24137210845947266
0.2369372844696045
0.2390131950378418
0.23845958709716797
0.23562049865722656
0.23768353462219238
0.23763513565063477
0.23955917358398438
0.23664283752441406
0.2518577575683594
0.24228668212890625
0.2358839511871338
0.2394418716430664
0.24443864822387695
0.24773550033569336
0.25369858741760254
0.2415628433227539
0.2404317855834961
0.24065947532653809
0.23732280731201172
0.23800206184387207
0.24412775039672852
0.26965904235839844
0.2759068012237549
0.27166748046875
0.2571096420288086
0.25547361373901367
0.25904250144958496
0.260955810546875
0.25177645683288574
0.2476644515991211
0.24668002128601074
0.24355483055114746
0.25007033348083496
0.250683069229126
0.2661280632019043
0.24875926971435547
0.2467513084411621
0.2462458610534668
0.24591636657714844
0.24841690063476562
0.2419745922088623
0.24293899536132812
0.2443850040435791
0.2408902645111084
0.24162983894348145
0.24491381645202637
0.25311946868896484
0.24205780029296875
0.2512857913970947
0.2439112663269043
0.24867868423461914
0.2493886947631836
0.24752020835876465
0.24968218803405762
0.24847197532653809
0.2613253593444824
0.2490992546081543
0.2546420097351074
0.24996137619018555
0.24933743476867676
0.25513243675231934
0.2470262050628662
0.24765753746032715
0.24784398078918457
0.25162672996520996
0.25362086296081543
0.24504804611206055
0.255157470703125
0.24963068962097168
0.2507498264312744
0.2515146732330322
0.24939370155334473
0.24973845481872559
0.25112414360046387
0.24732232093811035
0.2436370849609375
0.24566221237182617
0.24941587448120117
0.26505517959594727
0.2617952823638916
0.24372148513793945
0.270038366317749
0.2636728286743164
0.24983739852905273
0.25042176246643066
0.2513697147369385
0.2540006637573242
0.25378990173339844
0.25215840339660645
0.2477128505706787
0.2632944583892822
0.253523588180542
0.25620555877685547
0.251528263092041
0.2614262104034424
0.24866032600402832
0.25878429412841797
0.2523660659790039
0.251889705657959
0.2491617202758789
0.2947208881378174
0.26935315132141113
0.2511630058288574
0.26509594917297363
0.25096607208251953
0.2533864974975586
0.2519106864929199
0.2548482418060303
0.2621626853942871
0.250150203704834
0.24930953979492188
0.2546422481536865
0.25097012519836426
0.25060462951660156
0.25496459007263184
0.2513875961303711
0.2547743320465088
0.2541983127593994
0.24784064292907715
0.250626802444458
0.2477250099182129
0.25651001930236816
0.2747385501861572
0.254932165145874
0.2689492702484131
0.2491304874420166
0.2533602714538574
0.26105761528015137
0.254535436630249
0.25363969802856445
0.2600131034851074
0.25519251823425293
0.251910924911499
0.2576594352722168
0.25185728073120117
0.2609543800354004
0.25171995162963867
0.260608434677124
0.2591068744659424
0.2579329013824463
0.2552661895751953
0.25182294845581055
0.25412917137145996
0.2550795078277588
0.2540762424468994
0.25508904457092285
0.25452685356140137
0.2530486583709717
0.2552511692047119
0.2531728744506836
0.25906896591186523
0.2558753490447998
0.25681519508361816
0.2578568458557129
0.28600120544433594
0.2593233585357666
0.2565486431121826
0.25810766220092773
0.2582273483276367
0.2583739757537842
0.25450563430786133
0.2570493221282959
0.2628905773162842
0.25748181343078613
0.2600550651550293
0.2572364807128906
0.2566194534301758
0.25469160079956055
0.25512170791625977
0.2534921169281006
0.2655212879180908
0.2685079574584961
0.25839757919311523
0.2572619915008545
0.2555975914001465
0.2550168037414551
0.2569129467010498
0.2582671642303467
0.2561783790588379
0.25427746772766113
0.2576899528503418
0.25769662857055664
0.2552304267883301
0.25821948051452637
0.26529598236083984
0.25818800926208496
0.26017284393310547
0.29029393196105957
0.2724432945251465
0.25983119010925293
0.2602090835571289
0.26619672775268555
0.2591855525970459
0.26793360710144043
0.2610435485839844
0.2696542739868164
0.27053046226501465
0.2626190185546875
0.2615952491760254
0.27184057235717773
0.25858402252197266
0.2584981918334961
0.2597014904022217
0.2621440887451172
0.26114606857299805
0.2643294334411621
0.2609822750091553
0.26665258407592773
0.26372385025024414
0.2634716033935547
0.2628602981567383
0.26891136169433594
0.2744865417480469
0.26643991470336914
0.2611653804779053
0.2695932388305664
0.2615470886230469
0.27684688568115234
0.2650120258331299
0.2643904685974121
0.2594759464263916
0.26226377487182617
0.2692568302154541
0.26241445541381836
0.2657198905944824
0.26385927200317383
0.2744176387786865
0.2663400173187256
0.26518869400024414
0.26239514350891113
0.27152419090270996
0.26404833793640137
0.27162599563598633
0.2642970085144043
0.26796674728393555
0.26613473892211914
0.27155518531799316
0.2674882411956787
0.27080774307250977
0.2665364742279053
0.27291297912597656
0.278339147567749
0.2662618160247803
0.26848864555358887
0.26427149772644043
0.2657768726348877
0.2715294361114502
0.28139734268188477
0.27875351905822754
0.271392822265625
0.2655818462371826
0.2759227752685547
0.2716226577758789
0.2687065601348877
0.2684450149536133
0.27132320404052734
0.27613401412963867
0.2709314823150635
0.2723979949951172
0.27184152603149414
0.27144956588745117
0.272428035736084
0.2741546630859375
0.27066779136657715
0.26959657669067383
0.2704784870147705
0.27069807052612305
0.2664370536804199
0.28160905838012695
0.27977490425109863
0.27367615699768066
0.3018326759338379
0.27494144439697266
0.271129846572876
0.27649736404418945
0.2695467472076416
0.2697875499725342
0.2714991569519043
0.2708444595336914
0.268873929977417
0.27819228172302246
0.2729959487915039
0.275954008102417
0.27364468574523926
0.278644323348999
0.2746913433074951
0.2811000347137451
0.2727687358856201
0.27224206924438477
0.26963138580322266
0.275867223739624
0.2760024070739746
0.27570676803588867
0.2925431728363037
0.2749295234680176
0.2763516902923584
0.2850205898284912
0.2791304588317871
0.2827932834625244
0.28487515449523926
0.2766416072845459
0.28162145614624023
0.2774066925048828
0.2820267677307129
0.28301310539245605
0.2770981788635254
0.2778041362762451
0.28237152099609375
0.27822160720825195
0.27932214736938477
0.27829408645629883
0.27872633934020996
0.28048062324523926
0.28622984886169434
0.27879858016967773
0.27930760383605957
0.2807769775390625
0.2782266139984131
0.2823505401611328
0.2849748134613037
0.2829556465148926
0.2793736457824707
0.28958916664123535
0.2796006202697754
0.2881762981414795
0.2863810062408447
0.29019713401794434
0.2820165157318115
0.2835540771484375
0.28871607780456543
0.28835582733154297
0.2860589027404785
0.3073461055755615
0.28647589683532715
0.2913696765899658
0.28395843505859375
0.283707857131958
0.2827146053314209
0.2811009883880615
0.29066014289855957
0.29573655128479004
0.2849907875061035
0.297654390335083
0.29233884811401367
0.29455113410949707
0.2966885566711426
0.29284191131591797
0.29080843925476074
0.2933669090270996
0.2910306453704834
0.29179930686950684
0.29263782501220703
0.2941279411315918
0.2932605743408203
0.301271915435791
0.29474472999572754
0.29207611083984375
0.2935144901275635
0.2942819595336914
0.2815523147583008
0.29355716705322266
0.3009648323059082
0.29271864891052246
0.296417236328125
0.31170201301574707
0.2959628105163574
0.2944507598876953
0.2950868606567383
0.3162665367126465
0.2965669631958008
0.30383944511413574
0.29607605934143066
0.29595112800598145
0.2946486473083496
0.29342103004455566
0.29320430755615234
0.2973775863647461
0.2948429584503174
0.29648661613464355
0.2956244945526123
0.2987973690032959
0.28935694694519043
0.29455113410949707
0.29865288734436035
0.3013584613800049
0.3000023365020752
0.2980339527130127
0.2988409996032715
0.29735541343688965
0.30071282386779785
0.29115819931030273
0.29651522636413574
0.2999076843261719
0.30341172218322754
0.30362486839294434
0.29738736152648926
0.29891228675842285
0.289870023727417
0.2998030185699463
0.3001406192779541
0.301926851272583
0.3027353286743164
0.30388975143432617
0.28922080993652344
0.2989058494567871
0.3033456802368164
0.3013324737548828
0.29906487464904785
0.3032040596008301
0.3010382652282715
0.300307035446167
0.30057644844055176
0.3194124698638916
0.3023190498352051
0.29956912994384766
0.29912519454956055
0.3007392883300781
0.2983121871948242
0.29331278800964355
0.29973745346069336
0.3061215877532959
0.2920398712158203
0.3095893859863281
0.3010542392730713
0.30367302894592285
0.3012228012084961
0.30492639541625977
0.3011040687561035
0.3036630153656006
0.30162549018859863
0.306659460067749
0.3011453151702881
0.30479884147644043
0.29966235160827637
0.30099940299987793
0.303011417388916
0.30590295791625977
0.2989678382873535
0.30718040466308594
0.30060839653015137
0.30178308486938477
0.3049907684326172
0.30182838439941406
0.30393457412719727
0.3030812740325928
0.3018457889556885
0.30703043937683105
0.30206894874572754
0.29862189292907715
0.30518412590026855
0.3032865524291992
0.30579423904418945
0.3075406551361084
0.3085634708404541
0.3064541816711426
0.3030819892883301
0.30510711669921875
0.3076438903808594
0.3085823059082031
0.30596494674682617
0.307431697845459
0.30626940727233887
0.30376410484313965
0.30368661880493164
0.3052949905395508
0.30461740493774414
0.2993650436401367
0.3068881034851074
0.30050182342529297
0.3051292896270752
0.307140588760376
0.3073079586029053
0.3055613040924072
0.30758047103881836
0.3107724189758301
0.307889461517334
0.3092498779296875
0.3017117977142334
0.3094334602355957
0.305819034576416
0.3071136474609375
0.30845069885253906
0.3221466541290283
0.30876851081848145
0.3091437816619873
0.3082003593444824
0.3108978271484375
0.30619382858276367
0.3152177333831787
0.3130171298980713
0.3124351501464844
0.30985164642333984
0.3111855983734131
0.30901050567626953
0.31049656867980957
0.31135058403015137
0.31016111373901367
0.30890321731567383
0.3132810592651367
0.30966949462890625
0.3119492530822754
0.31165552139282227
0.3120839595794678
0.31276369094848633
0.31125783920288086
0.3108382225036621
0.3136322498321533
0.31430578231811523
0.3118431568145752
0.31104493141174316
0.31522583961486816
0.30862998962402344
0.3157529830932617
0.3140110969543457
0.31400489807128906
0.31798386573791504
0.31606054306030273
0.3151257038116455
0.31140804290771484
0.3146381378173828
0.31208038330078125
0.30977821350097656
0.30499696731567383
0.3138401508331299
0.3094608783721924
0.3068816661834717
0.3108484745025635
0.3157162666320801
0.311290979385376
0.31186890602111816
0.31362032890319824
0.31528592109680176
0.3142540454864502
0.3083963394165039
0.31142425537109375
0.31601428985595703
0.32200026512145996
0.3132314682006836
0.3158605098724365
0.3145320415496826
0.3071446418762207
0.31566429138183594
0.31680846214294434
0.31789398193359375
0.3195927143096924
0.3199434280395508
0.31743597984313965
0.3087654113769531
0.3106539249420166
0.3119025230407715
0.3179194927215576
0.31470775604248047
0.31339097023010254
0.3318915367126465
0.3188323974609375
0.3153681755065918
0.314877986907959
0.3186836242675781
0.31964683532714844
0.3188755512237549
0.3099021911621094
0.3308985233306885
0.3367888927459717
0.33103013038635254
0.33634352684020996
0.33045339584350586
0.33743762969970703
0.3297882080078125
0.3390963077545166
0.3316795825958252
0.33896875381469727
0.33688855171203613
0.33499860763549805
0.33327174186706543
0.33544278144836426
0.3312673568725586
0.3368186950683594
0.34850144386291504
0.33417510986328125
0.33731746673583984
0.33673572540283203
0.332888126373291
0.3306467533111572
0.3359241485595703
0.33774232864379883
0.33919644355773926
0.3393697738647461
0.3352057933807373
0.3368799686431885
0.33831048011779785
0.33798837661743164
0.3364403247833252
0.32748842239379883
0.3360135555267334
0.3412601947784424
0.3365018367767334
0.3436920642852783
0.33643579483032227
0.33570408821105957
0.33975958824157715
0.3402552604675293
0.3388512134552002
0.33615756034851074
0.33499908447265625
0.33849501609802246
0.34183168411254883
0.3397650718688965
0.3391242027282715
0.34004759788513184
0.33568453788757324
0.33208751678466797
0.33116579055786133
0.335752010345459
0.34001994132995605
0.33734631538391113
0.34059810638427734
0.3407461643218994
0.3424851894378662
0.3376009464263916
0.3388957977294922
0.33797621726989746
0.3407309055328369
0.33714914321899414
0.3377110958099365
0.36067938804626465
0.3410508632659912
0.339435338973999
0.3440723419189453
0.33820104598999023
0.33835411071777344
0.33925485610961914
0.3404872417449951
0.3414604663848877
0.3403623104095459
0.33968186378479004
0.34410762786865234
0.34470677375793457
0.34755563735961914
0.34410691261291504
0.34606456756591797
0.3408503532409668
0.3457484245300293
0.34621238708496094
0.34853482246398926
0.34583353996276855
0.3468594551086426
0.34866762161254883
0.35437440872192383
0.34587931632995605
0.3478717803955078
0.3414945602416992
0.3411998748779297
0.3412044048309326
0.34832167625427246
0.34031128883361816
0.3476552963256836
0.3454325199127197
0.3443937301635742
0.3464341163635254
0.3375389575958252
0.34522199630737305
0.34383225440979004
0.340548038482666
0.3463099002838135
0.3620266914367676
0.35253214836120605
0.3436861038208008
0.34538745880126953
0.35033130645751953
0.3451101779937744
0.36598825454711914
0.33948230743408203
0.3484165668487549
0.34577465057373047
0.34839892387390137
0.3484818935394287
0.35044074058532715
0.3464839458465576
0.34482622146606445
0.3487679958343506
0.3486745357513428
0.3436887264251709
0.3400235176086426
0.34667301177978516
0.34769368171691895
0.3516106605529785
0.3528268337249756
0.3411550521850586
0.34861087799072266
0.3590102195739746
0.35222816467285156
0.3482632637023926
0.34574007987976074
0.34769177436828613
0.348555326461792
0.34905147552490234
0.3483457565307617
0.3531770706176758
0.3497443199157715
0.35154008865356445
0.35451674461364746
0.34584665298461914
0.3446965217590332
0.34891462326049805
0.3563199043273926
0.3498423099517822
0.34920215606689453
0.36505794525146484
0.3504507541656494
0.3535163402557373
0.35286378860473633
0.3514981269836426
0.3557779788970947
0.3531684875488281
0.35390353202819824
0.35249853134155273
0.351909875869751
0.35018038749694824
0.3533613681793213
0.35181093215942383
0.35451626777648926
0.3534836769104004
0.3524169921875
0.35213351249694824
0.37128615379333496
0.35109829902648926
0.35266542434692383
0.3531968593597412
0.3521301746368408
0.34966039657592773
0.35608577728271484
0.3598663806915283
0.3528404235839844
0.3533802032470703
0.37656569480895996
0.3553328514099121
0.3572263717651367
0.35666966438293457
0.35359883308410645
0.35764169692993164
0.36130428314208984
0.3571803569793701
0.3571891784667969
0.34830164909362793
0.35620713233947754
0.3585662841796875
0.34943628311157227
0.35257959365844727
0.3568441867828369
0.358365535736084
0.3598036766052246
0.35571861267089844
0.35937952995300293
0.35585689544677734
0.3561563491821289
0.36197662353515625
0.35985636711120605
0.3565938472747803
0.3564333915710449
0.3573281764984131
0.3610703945159912
0.3579678535461426
0.3492710590362549
0.3541734218597412
0.3562157154083252
0.36029696464538574
0.3595421314239502
0.36184096336364746
0.3593904972076416
0.3629426956176758
0.3582279682159424
0.36240243911743164
0.3606719970703125
0.3561573028564453
0.35954952239990234
0.35167789459228516
0.36278533935546875
0.3646228313446045
0.36304736137390137
0.3639373779296875
0.36124682426452637
0.36103034019470215
0.3605320453643799
0.3615386486053467
0.36124682426452637
0.36249876022338867
0.3639397621154785
0.36959004402160645
0.3580758571624756
0.35864996910095215
0.3658285140991211
0.363231897354126
0.36473798751831055
0.3744163513183594
0.36335277557373047
0.35450148582458496
0.3673515319824219
0.3621845245361328
0.36240625381469727
0.35462021827697754
0.36753368377685547
0.3648831844329834
0.3655586242675781
0.3630223274230957
0.3647441864013672
0.36867237091064453
0.36392807960510254
0.36421751976013184
0.3643660545349121
0.3579399585723877
0.3659672737121582
0.36475634574890137
0.3662295341491699
0.36510324478149414
0.3649914264678955
0.36579465866088867
0.36696386337280273
0.36170101165771484
0.36724090576171875
0.3680999279022217
0.3668251037597656
0.36939501762390137
0.3853442668914795
0.36908674240112305
0.3665347099304199
0.36548376083374023
0.36778950691223145
0.3710160255432129
0.37910914421081543
0.36031222343444824
0.37009763717651367
0.3683197498321533
0.3692967891693115
0.36829519271850586
0.37327075004577637
0.3730332851409912
0.369823694229126
0.3722853660583496
0.36791372299194336
0.37570810317993164
0.36684656143188477
0.3674046993255615
0.3687574863433838
0.3714170455932617
0.373488187789917
0.36972951889038086
0.36673784255981445
0.39380812644958496
0.4443657398223877
0.38077855110168457
0.4024655818939209
0.37048935890197754
0.3727762699127197
0.3744313716888428
0.3732874393463135
0.37439417839050293
0.37426137924194336
0.3746070861816406
0.37052321434020996
0.37209248542785645
0.39475321769714355
0.37410545349121094
0.37298083305358887
0.3635692596435547
0.37328362464904785
0.37666797637939453
0.3831758499145508
0.3733079433441162
0.37595176696777344
0.3794236183166504
0.3790600299835205
0.37841367721557617
0.37255287170410156
0.3723280429840088
0.3754453659057617
0.3963198661804199
0.37107300758361816
0.3771483898162842
0.37744832038879395
0.37395811080932617
0.3757007122039795
0.37408971786499023
0.38930702209472656
0.37967395782470703
0.3777604103088379
0.38124966621398926
0.38095569610595703
0.37935781478881836
0.37621212005615234
0.38141298294067383
0.37796854972839355
0.3808884620666504
0.38249635696411133
0.3906850814819336
0.3668978214263916
0.37387895584106445
0.3844940662384033
0.3825662136077881
0.3802375793457031
0.37787532806396484
0.37983179092407227
0.3669431209564209
0.378969669342041
0.3814857006072998
0.3818979263305664
0.37709617614746094
0.383575439453125
0.38500428199768066
0.3765685558319092
0.3828597068786621
0.383242130279541
0.3762204647064209
0.380096435546875
0.3775370121002197
0.37969017028808594
0.3791952133178711
0.378584623336792
0.3788304328918457
0.3803737163543701
0.3793528079986572
0.3801889419555664
0.3787965774536133
0.3836174011230469
0.3799891471862793
0.38147902488708496
0.38086771965026855
0.3801450729370117
0.38584232330322266
0.38695216178894043
0.3826107978820801
0.3826639652252197
0.3821542263031006
0.38408708572387695
0.38289475440979004
0.3826587200164795
0.382753849029541
0.38353705406188965
0.38404273986816406
0.38307714462280273
0.3857111930847168
0.3879227638244629
0.3845963478088379
0.3841416835784912
0.3794991970062256
0.3770284652709961
0.3793506622314453
0.3882560729980469
0.37496328353881836
0.3847198486328125
0.38956475257873535
0.3850231170654297
0.38695573806762695
0.3846933841705322
0.3866395950317383
0.38773250579833984
0.3853130340576172
0.3903625011444092
0.3872363567352295
0.3869893550872803
0.3883383274078369
0.3875296115875244
0.38842034339904785
0.37706732749938965
0.3850729465484619
0.39702606201171875
0.3860971927642822
0.3874077796936035
0.38593554496765137
0.3901536464691162
0.38915038108825684
0.3885807991027832
0.38782453536987305
0.3818352222442627
0.38432884216308594
0.3902170658111572
0.3900575637817383
0.38905930519104004
0.39237213134765625
0.3925204277038574
0.39177727699279785
0.3882176876068115
0.3997385501861572
0.3899495601654053
0.3894205093383789
0.3897721767425537
0.3906829357147217
0.39029431343078613
0.38617563247680664
0.38793349266052246
0.39290499687194824
0.38524770736694336
0.38263893127441406
0.388775110244751
0.3896753787994385
0.39316892623901367
0.39881014823913574
0.3916049003601074
0.389345645904541
0.39408254623413086
0.39383435249328613
0.39252185821533203
0.38871121406555176
0.39259910583496094
0.3920140266418457
0.390552282333374
0.47884631156921387
0.6902921199798584
0.4321753978729248
0.41277575492858887
0.38698911666870117
0.38588571548461914
0.3948781490325928
0.38312315940856934
0.38282084465026855
0.39079856872558594
0.38733530044555664
0.38843703269958496
0.3873322010040283
0.3892803192138672
0.3845710754394531
0.39722752571105957
0.38324999809265137
0.38777899742126465
0.38394808769226074
0.39511823654174805
0.38479185104370117
0.38429927825927734
0.38495540618896484
0.39441442489624023
0.38989925384521484
0.3941957950592041
0.3841400146484375
0.41834068298339844
0.39588284492492676
0.39543986320495605
0.39370250701904297
0.3850395679473877
0.38840174674987793
0.3945455551147461
0.3890380859375
0.4008610248565674
0.39545369148254395
0.39666104316711426
0.391613245010376
0.39233899116516113
0.40579676628112793
0.39044857025146484
0.42035865783691406
0.3898186683654785
0.3953886032104492
0.39604640007019043
0.39400553703308105
0.40054988861083984
0.39150500297546387
0.3940436840057373
0.3914790153503418
0.4718618392944336
0.40444040298461914
0.3938102722167969
0.39981722831726074
0.4002695083618164
0.3970649242401123
0.401705265045166
0.3894670009613037
0.39227294921875
0.39235925674438477
0.39284753799438477
0.4041447639465332
0.39444613456726074
0.4037516117095947
0.4041931629180908
0.39415836334228516
0.400848388671875
0.3974933624267578
0.4085507392883301
0.39957451820373535
0.3960540294647217
0.3951258659362793
0.39472317695617676
0.3954432010650635
0.4000387191772461
0.3934011459350586
0.40355920791625977
0.39876675605773926
0.39972376823425293
0.3939640522003174
0.3965160846710205
0.4056069850921631
0.39641714096069336
0.39662742614746094
0.3930060863494873
0.4076106548309326
0.3991975784301758
0.3980729579925537
0.40718674659729004
0.40575623512268066
0.39857029914855957
0.39564061164855957
0.39478087425231934
0.40410804748535156
0.3977489471435547
0.4036247730255127
0.39664506912231445
0.4086756706237793
0.3996462821960449
0.40029430389404297
0.4029216766357422
0.3980579376220703
0.4235868453979492
0.3965737819671631
0.4011352062225342
0.39981508255004883
0.40650391578674316
0.4071016311645508
0.411224365234375
0.39896130561828613
0.4039919376373291
0.4051084518432617
0.4315674304962158
0.40480947494506836
0.40212512016296387
0.4060635566711426
0.40992212295532227
0.4083540439605713
0.41747021675109863
0.40659523010253906
0.4046945571899414
0.4075663089752197
0.4043874740600586
0.4046595096588135
0.4082603454589844
0.4057776927947998
0.4028208255767822
0.41547465324401855
0.408754825592041
0.40613579750061035
0.4005873203277588
0.40173959732055664
0.41278958320617676
0.4017913341522217
0.4096956253051758
0.4035191535949707
0.4043703079223633
0.40039944648742676
0.40598011016845703
0.4108850955963135
0.4098236560821533
0.41034436225891113
0.4113905429840088
0.41217994689941406
0.40788841247558594
0.4040853977203369
0.4157276153564453
0.40292835235595703
0.41422510147094727
0.40148282051086426
0.412308931350708
0.40854740142822266
0.4048781394958496
0.40293097496032715
0.40375375747680664
0.405226469039917
0.4135935306549072
0.4057128429412842
0.4079577922821045
0.40384626388549805
0.40395140647888184
0.403148889541626
0.40529751777648926
0.41231632232666016
0.4052455425262451
0.40609097480773926
0.40488338470458984
0.4049246311187744
0.40500354766845703
0.40168023109436035
0.40543484687805176
0.4313502311706543
0.40610337257385254
0.41317009925842285
0.4046494960784912
0.40958380699157715
0.40724658966064453
0.4137704372406006
0.42850160598754883
0.40920114517211914
0.4131901264190674
0.40786170959472656
0.41521334648132324
0.4234144687652588
0.407454252243042
0.4245779514312744
0.40696167945861816
0.4054536819458008
0.42022705078125
0.4105801582336426
0.40736937522888184
0.4170238971710205
0.40799498558044434
0.40901756286621094
0.43352246284484863
0.4078855514526367
0.40909719467163086
0.4045596122741699
0.40761876106262207
0.4129190444946289
0.41538095474243164
0.40864086151123047
0.4164152145385742
0.4145164489746094
0.41110658645629883
0.4220423698425293
0.4123828411102295
0.4114234447479248
0.4251062870025635
0.4137392044067383
0.41780853271484375
0.4099757671356201
0.4100663661956787
0.4092063903808594
0.41353821754455566
0.4078817367553711
0.42087340354919434
0.4124939441680908
0.4143643379211426
0.4170398712158203
0.41485595703125
0.41310596466064453
0.4240872859954834
0.41852784156799316
0.4155576229095459
0.41908979415893555
0.4120597839355469
0.4174840450286865
0.41248106956481934
0.4142589569091797
0.4198446273803711
0.4159667491912842
0.4172251224517822
0.42081189155578613
0.42440032958984375
0.41156864166259766
0.41335153579711914
0.4134798049926758
0.41779351234436035
0.4147469997406006
0.41315627098083496
0.412825345993042
0.4150087833404541
0.4243934154510498
0.4149336814880371
0.41480231285095215
0.424896240234375
0.42323803901672363
0.4189145565032959
0.4127812385559082
0.41115450859069824
0.4239218235015869
0.41905856132507324
0.4190104007720947
0.41562604904174805
0.4230961799621582
0.42138051986694336
0.42433977127075195
0.43062424659729004
0.4234657287597656
0.4129793643951416
0.4186127185821533
0.43079376220703125
0.4348461627960205
0.43549108505249023
0.41556668281555176
0.41791653633117676
0.4174470901489258
0.42778468132019043
0.4160163402557373
0.42207813262939453
0.4195396900177002
0.42667150497436523
0.41852736473083496
0.42113494873046875
0.42418646812438965
0.4482543468475342
0.41730427742004395
0.4171452522277832
0.4346659183502197
0.4245724678039551
0.43419456481933594
0.42081570625305176
0.4251129627227783
0.4308345317840576
0.43410396575927734
0.42009425163269043
0.42584824562072754
0.42861032485961914
0.4269251823425293
0.42856335639953613
0.43029332160949707
0.4273703098297119
0.4274904727935791
0.4232337474822998
0.4200863838195801
0.4229586124420166
0.4264082908630371
0.42656636238098145
0.4233417510986328
0.43199682235717773
0.4349651336669922
0.42639660835266113
0.4396655559539795
0.4287753105163574
0.4235970973968506
0.42819786071777344
0.43761467933654785
0.44402599334716797
0.42585015296936035
0.4496729373931885
0.42658185958862305
0.4370119571685791
0.4481465816497803
0.4417450428009033
0.4293382167816162
0.43912267684936523
0.44313716888427734
0.43053483963012695
0.4261894226074219
0.4383833408355713
0.4313371181488037
0.4322848320007324
0.43003249168395996
0.42688679695129395
0.4291045665740967
0.4344182014465332
0.4289228916168213
0.4329054355621338
0.4475984573364258
0.4320862293243408
0.44016265869140625
0.43713808059692383
0.4282493591308594
0.43789029121398926
0.43157076835632324
0.42821598052978516
0.44252800941467285
0.43151307106018066
0.4384634494781494
0.4336690902709961
0.43034911155700684
0.4425089359283447
0.4450948238372803
0.4431757926940918
0.4314579963684082
0.4389650821685791
0.4315674304962158
0.43064451217651367
0.43358564376831055
0.4306468963623047
0.43628358840942383
0.4347419738769531
0.43343019485473633
0.43881654739379883
0.44388628005981445
0.4364495277404785
0.4328320026397705
0.43828773498535156
0.4341087341308594
0.44658613204956055
0.438248872756958
0.440427303314209
0.43387866020202637
0.4336717128753662
0.44778871536254883
0.4372413158416748
0.4488718509674072
0.436504602432251
0.43663573265075684
0.4603593349456787
0.44194912910461426
0.437760591506958
0.4459984302520752
0.4371461868286133
0.44698619842529297
0.458052396774292
0.44140005111694336
0.43657684326171875
0.43641066551208496
0.4377708435058594
0.4456441402435303
0.4358656406402588
0.43605542182922363
0.43975234031677246
0.4465970993041992
0.4380831718444824
0.43686556816101074
0.4358179569244385
0.43714070320129395
0.45087385177612305
0.44069910049438477
0.4488682746887207
0.43678760528564453
0.4434642791748047
0.4519965648651123
0.4610707759857178
0.43878602981567383
0.4400603771209717
0.44005656242370605
0.43872642517089844
0.44240236282348633
0.4398524761199951
0.44632959365844727
0.4409778118133545
0.4379267692565918
0.4556620121002197
0.43952035903930664
0.4419589042663574
0.4364967346191406
0.4474968910217285
0.44434237480163574
0.4437272548675537
0.4353513717651367
0.436816930770874
0.45361876487731934
0.4462137222290039
0.4385232925415039
0.4535493850708008
0.44112730026245117
0.4429173469543457
0.4570450782775879
0.44617795944213867
0.44364452362060547
0.44728732109069824
0.46999144554138184
0.44156336784362793
0.4387328624725342
0.48554229736328125
0.4423964023590088
0.4510922431945801
0.4479360580444336
0.4469735622406006
0.4524221420288086
0.4563441276550293
0.44426822662353516
0.4568302631378174
0.45583200454711914
0.44704771041870117
0.4619269371032715
0.4528768062591553
0.44529294967651367
0.44484829902648926
0.45598793029785156
0.4452657699584961
0.4453091621398926
0.46542906761169434
0.4413564205169678
0.44164490699768066
0.4715392589569092
0.4466826915740967
0.4473540782928467
0.4589223861694336
0.44626712799072266
0.4564366340637207
0.45734310150146484
0.44718313217163086
0.45582103729248047
0.46015286445617676
0.458050012588501
0.44799327850341797
0.456162691116333
0.4633328914642334
0.4475741386413574
0.4570808410644531
0.462277889251709
0.44858384132385254
0.44663333892822266
0.4504740238189697
0.4472696781158447
0.44542694091796875
0.4477505683898926
0.44698476791381836
0.4589412212371826
0.4483163356781006
0.44747018814086914
0.4557788372039795
0.44917869567871094
0.4523806571960449
0.45198559761047363
0.4609358310699463
0.45105648040771484
0.4607558250427246
0.4484748840332031
0.4511580467224121
0.44682788848876953
0.46254897117614746
0.45128703117370605
0.4721829891204834
0.45301127433776855
0.4501068592071533
0.4498615264892578
0.45267319679260254
0.465043306350708
0.45145559310913086
0.44957590103149414
0.46239161491394043
0.4495551586151123
0.45451998710632324
0.4557516574859619
0.45442676544189453
0.45407986640930176
0.454395055770874
0.46422290802001953
0.45180749893188477
0.4630706310272217
0.45006775856018066
0.45241212844848633
0.45327281951904297
0.4517533779144287
0.46224045753479004
0.4518709182739258
0.46860742568969727
0.45163941383361816
0.45579075813293457
0.4546201229095459
0.4565565586090088
0.45505285263061523
0.46410226821899414
0.46663641929626465
0.4578406810760498
0.4553685188293457
0.4575681686401367
0.45888710021972656
0.4532816410064697
0.45586228370666504
0.4771606922149658
0.48026442527770996
0.48551273345947266
0.48107385635375977
0.4865849018096924
0.49464845657348633
0.4910154342651367
0.4810652732849121
0.4815952777862549
0.48231005668640137
0.47978687286376953
0.48180198669433594
0.4792952537536621
0.4904642105102539
0.4828364849090576
0.4848439693450928
0.4797022342681885
0.48984575271606445
0.48132896423339844
0.48193931579589844
0.47840166091918945
0.4844386577606201
0.48423266410827637
0.49712252616882324
0.48209452629089355
0.48444151878356934
0.4833078384399414
0.4849066734313965
0.48703432083129883
0.4931004047393799
0.48859167098999023
0.488537073135376
0.48659276962280273
0.48366260528564453
0.4951462745666504
0.48374295234680176
0.48351311683654785
0.4851083755493164
0.48406291007995605
0.483959436416626
0.48549890518188477
0.48049402236938477
0.49369215965270996
0.5045597553253174
0.49258875846862793
0.4843409061431885
0.4842231273651123
0.4898533821105957
0.5010123252868652
0.49465441703796387
0.5001814365386963
0.4869651794433594
0.4845755100250244
0.49600768089294434
0.49408531188964844
0.491405725479126
0.4834117889404297
0.481217622756958
0.4841465950012207
0.5004234313964844
0.4994821548461914
0.4914512634277344
0.48763179779052734
0.4809446334838867
0.48484086990356445
0.48491978645324707
0.4857947826385498
0.5004992485046387
0.49069833755493164
0.4948585033416748
0.49641966819763184
0.49011945724487305
0.492429256439209
0.4859137535095215
0.4871852397918701
0.48259854316711426
0.5048947334289551
0.4962649345397949
0.4888594150543213
0.48755693435668945
0.5034191608428955
0.48859286308288574
0.4900209903717041
0.4948139190673828
0.48821425437927246
0.4987053871154785
0.4884777069091797
0.4929695129394531
0.4929838180541992
0.4883742332458496
0.5001907348632812
0.5046601295471191
0.5060141086578369
0.4933013916015625
0.5021476745605469
0.4898488521575928
0.4905965328216553
0.5052988529205322
0.48867034912109375
0.49806642532348633
0.5167703628540039
0.4899637699127197
0.5034074783325195
0.5005366802215576
0.492476224899292
0.5019519329071045
0.4902782440185547
0.49143528938293457
0.4926159381866455
0.5012304782867432
0.49051737785339355
0.5080826282501221
0.49204254150390625
0.49635767936706543
0.4911336898803711
0.49080967903137207
0.49123406410217285
0.49172425270080566
0.5052497386932373
0.4944572448730469
0.49125242233276367
0.491227388381958
0.49008607864379883
0.5067448616027832
0.5029387474060059
0.48887085914611816
0.49718213081359863
0.5099403858184814
0.504401683807373
0.4931161403656006
0.495373010635376
0.5011477470397949
0.5035030841827393
0.5167694091796875
0.4921271800994873
0.4936234951019287
0.4938778877258301
0.4945967197418213
0.5055675506591797
0.4955618381500244
0.4949159622192383
0.49202871322631836
0.502267599105835
0.49690937995910645
0.49722838401794434
0.49505090713500977
0.5039553642272949
0.4915657043457031
0.49927830696105957
0.5042526721954346
0.5083725452423096
0.49813032150268555
0.5395350456237793
0.5035421848297119
0.5118589401245117
0.49732542037963867
0.49549126625061035
0.5022275447845459
0.4988119602203369
0.49774646759033203
0.4956047534942627
0.49173641204833984
0.49793362617492676
0.5121512413024902
0.522702693939209
0.49762940406799316
0.5074400901794434
0.5081236362457275
0.502922773361206
0.499920129776001
0.5116212368011475
0.5170621871948242
0.5085349082946777
0.502232551574707
0.50225830078125
0.5044150352478027
0.513545036315918
0.5059590339660645
0.5000832080841064
0.49924778938293457
0.5023202896118164
0.5159883499145508
0.4988415241241455
0.49994850158691406
0.49800586700439453
0.4993410110473633
0.5013689994812012
0.5044317245483398
0.5001811981201172
0.5007567405700684
0.5026659965515137
0.4997718334197998
0.5153341293334961
0.5040874481201172
0.5062618255615234
0.4981379508972168
0.5050029754638672
0.4986276626586914
0.5143423080444336
0.5140352249145508
0.5125665664672852
0.5060043334960938
0.4994969367980957
0.5159249305725098
0.5194787979125977
0.5141582489013672
0.5104007720947266
0.5072102546691895
0.509446382522583
0.5039503574371338
0.5049524307250977
0.5191841125488281
0.5048038959503174
0.5055150985717773
0.5181772708892822
0.5022292137145996
0.5089795589447021
0.5017733573913574
0.5021445751190186
0.5143535137176514
0.5183236598968506
0.5035595893859863
0.502835750579834
0.5162701606750488
0.5085222721099854
0.5064895153045654
0.504185676574707
0.5157396793365479
0.5033867359161377
0.5070104598999023
0.5054872035980225
0.5149166584014893
0.5137252807617188
0.5229156017303467
0.5186004638671875
0.525108814239502
0.5052270889282227
0.5081839561462402
0.5052473545074463
0.5176877975463867
0.5082597732543945
0.5082070827484131
0.5127625465393066
0.5073447227478027
0.5131285190582275
0.5076961517333984
0.5165975093841553
0.5259048938751221
0.527263879776001
0.5238165855407715
0.5100955963134766
0.5064756870269775
0.5217063426971436
0.5051193237304688
0.5221643447875977
0.5117466449737549
0.5086100101470947
0.5075654983520508
0.5219333171844482
0.5159428119659424
0.5133240222930908
0.5316751003265381
0.5128586292266846
0.5169897079467773
0.5266177654266357
0.51053786277771
0.5100324153900146
0.5140790939331055
0.5198047161102295
0.5103182792663574
0.5065228939056396
0.5100216865539551
0.514202356338501
0.5138430595397949
0.5283613204956055
0.5120289325714111
0.5241847038269043
0.5283498764038086
0.514293909072876
0.5092794895172119
0.5142092704772949
0.5138862133026123
0.5191209316253662
0.5162398815155029
0.5124557018280029
0.5257360935211182
0.5204436779022217
0.5141990184783936
0.511894702911377
0.5134284496307373
0.5129261016845703
0.5258526802062988
0.5268774032592773
0.5101165771484375
0.5163805484771729
0.5275135040283203
0.5202014446258545
0.5183384418487549
0.5160531997680664
0.5143570899963379
0.5154461860656738
0.5192263126373291
0.5321838855743408
0.5160648822784424
0.5220303535461426
0.5132219791412354
0.5291001796722412
0.5121982097625732
0.5328896045684814
0.5178656578063965
0.517136812210083
0.531456470489502
0.5234682559967041
0.5223674774169922
0.5166575908660889
0.5194244384765625
0.5385851860046387
0.5232744216918945
0.5176410675048828
0.5298821926116943
0.5221941471099854
0.5189282894134521
0.5197422504425049
0.5305216312408447
0.5200972557067871
0.5369091033935547
0.5158092975616455
0.5204870700836182
0.5354843139648438
0.5166935920715332
0.5268754959106445
0.5176916122436523
0.5127921104431152
0.5175113677978516
0.5346190929412842
0.5220887660980225
0.5213265419006348
0.5203466415405273
0.5235874652862549
0.5183796882629395
0.5255975723266602
0.5177977085113525
0.5249595642089844
0.5336215496063232
0.5560736656188965
0.5242619514465332
0.5205070972442627
0.5224204063415527
0.5338585376739502
0.5262291431427002
0.5332179069519043
0.5214405059814453
0.5363602638244629
0.5304708480834961
0.5370643138885498
0.5257151126861572
0.5318217277526855
0.5299263000488281
0.5372631549835205
0.5213220119476318
0.5400691032409668
0.5340919494628906
0.5296568870544434
0.5211992263793945
0.5192959308624268
0.5237631797790527
0.5352487564086914
0.5314364433288574
0.5222117900848389
0.5219099521636963
0.5287570953369141
0.5252368450164795
0.5261335372924805
0.5398814678192139
0.5228743553161621
0.5223557949066162
0.5212838649749756
0.5240774154663086
0.5215609073638916
0.5265421867370605
0.5261831283569336
0.5391898155212402
0.5231704711914062
0.527306079864502
0.5291900634765625
0.5263328552246094
0.5241580009460449
0.5373694896697998
0.5271995067596436
0.5314071178436279
0.535696268081665
0.5259630680084229
0.539513349533081
0.5255985260009766
0.5296862125396729
0.5280716419219971
0.5319876670837402
0.5381460189819336
0.5274736881256104
0.524343729019165
0.5440042018890381
0.5261151790618896
0.5313370227813721
0.5459103584289551
0.5518131256103516
0.5266814231872559
0.5291669368743896
0.5274224281311035
0.5333943367004395
0.5397412776947021
0.527332067489624
0.5282533168792725
0.5287141799926758
0.5264391899108887
0.5388224124908447
0.5293478965759277
0.546858549118042
0.5295665264129639
0.5302913188934326
0.540062427520752
0.5326926708221436
0.5346033573150635
0.5357074737548828
0.5323667526245117
0.5284655094146729
0.5442142486572266
0.5345065593719482
0.527724027633667
0.533942699432373
0.5294027328491211
0.5439579486846924
0.5263659954071045
0.5358660221099854
0.5460352897644043
0.539008378982544
0.5410192012786865
0.530310869216919
0.5289361476898193
0.5471217632293701
0.5297999382019043
0.5611593723297119
0.5402822494506836
0.5912654399871826
0.5357520580291748
0.5318875312805176
0.5326950550079346
0.5322189331054688
0.5292770862579346
0.5335593223571777
0.5554068088531494
0.5347354412078857
0.531268835067749
0.5328671932220459
0.5461640357971191
0.5380058288574219
0.5343327522277832
0.5578992366790771
0.5420587062835693
0.5358405113220215
0.5326633453369141
0.5363121032714844
0.536285400390625
0.5322949886322021
0.5302660465240479
0.5459532737731934
0.5436806678771973
0.5378618240356445
0.5319089889526367
0.5335109233856201
0.5357813835144043
0.5511529445648193
0.5435333251953125
0.5590295791625977
0.5421056747436523
0.5358109474182129
0.538625955581665
0.5553135871887207
0.5388410091400146
0.5439822673797607
0.5398256778717041
0.5405383110046387
0.536290168762207
0.5347003936767578
0.5360796451568604
0.5527193546295166
0.5341634750366211
0.5461990833282471
0.5430927276611328
0.549689531326294
0.5435581207275391
0.5424594879150391
0.540503978729248
0.5377843379974365
0.5399982929229736
0.5530622005462646
0.5432906150817871
0.5402402877807617
0.5516495704650879
0.5516059398651123
0.5382275581359863
0.543914794921875
0.5404236316680908
0.5403499603271484
0.5402238368988037
0.5462872982025146
0.5455331802368164
0.5534443855285645
0.5646514892578125
0.5539083480834961
0.5434792041778564
0.5531141757965088
0.5397052764892578
0.5411269664764404
0.5557782649993896
0.5513060092926025
0.5434324741363525
0.554889440536499
0.5531983375549316
0.5589439868927002
0.5615429878234863
0.5446205139160156
0.5527060031890869
0.5417923927307129
0.5416183471679688
0.5432476997375488
0.5427770614624023
0.5402688980102539
0.5394282341003418
0.5432944297790527
0.5637798309326172
0.5474250316619873
0.5456678867340088
0.5608811378479004
0.5474305152893066
0.5532374382019043
0.5446672439575195
0.5482449531555176
0.5451054573059082
0.5598602294921875
0.5641930103302002
0.5516865253448486
0.5520932674407959
0.5562922954559326
0.5487618446350098
0.5420620441436768
0.54648756980896
0.5571169853210449
0.5553226470947266
0.5545957088470459
0.5481603145599365
0.5502755641937256
0.5521986484527588
0.5495288372039795
0.5621504783630371
0.5504453182220459
0.5453090667724609
0.5486547946929932
0.5494344234466553
0.5501890182495117
0.5628283023834229
0.5560011863708496
0.5512967109680176
0.5465490818023682
0.5576026439666748
0.5518968105316162
0.5591251850128174
0.5719969272613525
0.5601201057434082
0.5566797256469727
0.5736846923828125
0.5748767852783203
0.5477263927459717
0.5565173625946045
0.5497450828552246
0.5519163608551025
0.5655958652496338
0.5614690780639648
0.5570495128631592
0.5688292980194092
0.5598940849304199
0.5589053630828857
0.5503466129302979
0.5556869506835938
0.5668699741363525
0.550912618637085
0.5532915592193604
0.5524423122406006
0.5514473915100098
0.55367112159729
0.5783483982086182
0.5538005828857422
0.5563836097717285
0.5580947399139404
0.5551004409790039
0.5502822399139404
0.552365779876709
0.5704653263092041
0.5574285984039307
0.5619356632232666
0.5522201061248779
0.5550296306610107
0.5756068229675293
0.5523173809051514
0.5614321231842041
0.5618565082550049
0.5540816783905029
0.5664291381835938
0.5558116436004639
0.5693466663360596
0.5570592880249023
0.5574853420257568
0.554541826248169
0.5571703910827637
0.5518476963043213
0.5718259811401367
0.5536329746246338
0.5560574531555176
0.5765049457550049
0.5778427124023438
0.5613791942596436
0.5541257858276367
0.5625367164611816
0.559262752532959
0.5582551956176758
0.5583596229553223
0.570915699005127
0.5851874351501465
0.5568714141845703
0.5646815299987793
0.5953843593597412
0.5574741363525391
0.5740833282470703
0.5618941783905029
0.5600624084472656
0.5584404468536377
0.562079906463623
0.5729382038116455
0.5777187347412109
0.5629732608795166
0.5606319904327393
0.5877423286437988
0.5597689151763916
0.575843334197998
0.5620763301849365
0.5671401023864746
0.5608608722686768
0.5605666637420654
0.5760414600372314
0.566093921661377
0.5601913928985596
0.5608456134796143
0.5650863647460938
0.5793843269348145
0.5600335597991943
0.563147783279419
0.5665135383605957
0.5596408843994141
0.5621798038482666
0.5630896091461182
0.5800952911376953
0.5882568359375
0.5684244632720947
0.5629849433898926
0.5641717910766602
0.5815010070800781
0.5664451122283936
0.571558952331543
0.5635154247283936
0.5676867961883545
0.5792679786682129
0.5821127891540527
0.5701797008514404
0.6186556816101074
0.5675578117370605
0.564720630645752
0.5672314167022705
0.5663530826568604
0.5669629573822021
0.5846738815307617
0.6136939525604248
0.5767712593078613
0.5722606182098389
0.5696394443511963
0.5676817893981934
0.5707731246948242
0.6011402606964111
0.5918326377868652
0.5640604496002197
0.5769031047821045
0.568993330001831
0.5931782722473145
0.585742712020874
0.5690610408782959
0.5653696060180664
0.5732452869415283
0.5753488540649414
0.57499098777771
0.5683169364929199
0.5808136463165283
0.5697007179260254
0.5726044178009033
0.572176456451416
0.5696427822113037
0.5909938812255859
0.5795621871948242
0.5719935894012451
0.5842204093933105
0.5704483985900879
0.5726058483123779
0.5725045204162598
0.5702462196350098
0.5766642093658447
0.5801959037780762
0.5711278915405273
0.5784852504730225
0.5715775489807129
0.5686745643615723
0.5727407932281494
0.5738396644592285
0.5693132877349854
0.591444730758667
0.5825216770172119
0.5782794952392578
0.6033706665039062
0.5801794528961182
0.5728311538696289
0.5727674961090088
0.5796482563018799
0.576103687286377
0.5712671279907227
0.5727705955505371
0.5758373737335205
0.5748028755187988
0.5719919204711914
0.5768253803253174
0.5716617107391357
0.5720233917236328
0.5739057064056396
0.57753586769104
0.6002292633056641
0.5939528942108154
0.5788493156433105
0.5752615928649902
0.5814635753631592
0.6068141460418701
0.5757334232330322
0.5781607627868652
0.5731716156005859
0.5950648784637451
0.5868525505065918
0.5860049724578857
0.5952107906341553
0.5763123035430908
0.598991870880127
0.5770947933197021
0.5807762145996094
0.5788195133209229
0.5764963626861572
0.6016440391540527
0.5784845352172852
0.5763323307037354
0.5804588794708252
0.5787394046783447
0.5795671939849854
0.5958993434906006
0.585132360458374
0.590083122253418
0.5775411128997803
0.5860326290130615
0.5798342227935791
0.5829594135284424
0.5852017402648926
0.5960922241210938
0.5799696445465088
0.6085503101348877
0.593146562576294
0.5795722007751465
0.5808870792388916
0.5835046768188477
0.5830979347229004
0.5808403491973877
0.5993716716766357
0.5898890495300293
0.5846552848815918
0.6046161651611328
0.5867784023284912
0.5919938087463379
0.5894577503204346
0.6001648902893066
0.5889976024627686
0.5961043834686279
0.6048040390014648
0.5978415012359619
0.5892903804779053
0.5879487991333008
0.5911777019500732
0.6054117679595947
0.5926761627197266
0.6044855117797852
0.6092207431793213
0.591353178024292
0.5996041297912598
0.5841920375823975
0.5860795974731445
0.6023023128509521
0.582965612411499
0.5836286544799805
0.5816826820373535
0.5885767936706543
0.5876374244689941
0.5885536670684814
0.5818586349487305
0.5860939025878906
0.6062779426574707
0.605168342590332
0.5887539386749268
0.6029202938079834
0.5926134586334229
0.5872461795806885
0.6047275066375732
0.5841505527496338
0.5883829593658447
0.5833375453948975
0.6088657379150391
0.5900924205780029
0.6065006256103516
0.5870423316955566
0.5932955741882324
0.5925238132476807
0.588050365447998
0.6123991012573242
0.6055526733398438
0.599743127822876
0.5874543190002441
0.5920724868774414
0.5890665054321289
0.5845329761505127
0.5866954326629639
0.5931777954101562
0.5879206657409668
0.592268705368042
0.6083822250366211
0.6005411148071289
0.5899167060852051
0.5897459983825684
0.6030242443084717
0.6014885902404785
0.6107971668243408
0.5885007381439209
0.6067883968353271
0.5875561237335205
0.5908203125
0.5991275310516357
0.6048507690429688
0.5943679809570312
0.6147549152374268
0.5846097469329834
0.5884480476379395
0.607682466506958
0.6012973785400391
0.6127219200134277
0.5962138175964355
0.5903384685516357
0.5919842720031738
0.5925190448760986
0.589688777923584
0.5916049480438232
0.6091916561126709
0.5929286479949951
0.591242790222168
0.5892460346221924
0.5928559303283691
0.5892174243927002
0.6114635467529297
0.595543622970581
0.6102755069732666
0.6008572578430176
0.6001479625701904
0.5890436172485352
0.6148850917816162
0.6044721603393555
0.5953578948974609
0.619084358215332
0.6015403270721436
0.6046431064605713
0.6128461360931396
0.6083981990814209
0.5926663875579834
0.6090686321258545
0.6179120540618896
0.5974957942962646
0.5990273952484131
0.59360671043396
0.6045560836791992
0.6013386249542236
0.6017467975616455
0.5968039035797119
0.6024665832519531
0.6113331317901611
0.5953717231750488
0.5939171314239502
0.6181380748748779
0.5964260101318359
0.5982048511505127
0.6153323650360107
0.5992364883422852
0.5977880954742432
0.607053279876709
0.6211411952972412
0.599923849105835
0.6013293266296387
0.5999042987823486
0.6052672863006592
0.5941135883331299
0.600433349609375
0.6005830764770508
0.6103613376617432
0.6021239757537842
0.6137347221374512
0.6186017990112305
0.6006920337677002
0.5983562469482422
0.5978970527648926
0.6161479949951172
0.6171340942382812
0.6056389808654785
0.6218156814575195
0.6012351512908936
0.6016120910644531
0.5984187126159668
0.6209273338317871
0.6034145355224609
0.6100325584411621
0.6001536846160889
0.5957653522491455
0.604276180267334
0.6031968593597412
0.6016726493835449
0.6039583683013916
0.6023576259613037
0.6354169845581055
0.6000144481658936
0.6043615341186523
0.6063704490661621
0.6038470268249512
0.6051220893859863
0.5970897674560547
0.6021573543548584
0.6267240047454834
0.6057844161987305
0.6032650470733643
0.6244237422943115
0.6268172264099121
0.6046309471130371
0.6036715507507324
0.6268272399902344
0.6050384044647217
0.6013801097869873
0.6275746822357178
0.6057755947113037
0.608450174331665
0.6033275127410889
0.6263906955718994
0.6077463626861572
0.6026287078857422
0.6007030010223389
0.6062874794006348
0.6043398380279541
0.6145143508911133
0.6283111572265625
0.6073505878448486
0.644139289855957
0.6375589370727539
0.6642680168151855
0.6464543342590332
0.6358475685119629
0.633798360824585
0.6349573135375977
0.6440644264221191
0.6601495742797852
0.6563277244567871
0.6358642578125
0.6411027908325195
0.6389329433441162
0.6384625434875488
0.6331393718719482
0.6563820838928223
0.6685428619384766
0.6421396732330322
0.6419222354888916
0.6465439796447754
0.6475460529327393
0.6364166736602783
0.642256498336792
0.6586987972259521
0.6436364650726318
0.6400022506713867
0.6382601261138916
0.6558578014373779
0.6431934833526611
0.6627960205078125
0.6399435997009277
0.6440365314483643
0.639603853225708
0.6411104202270508
0.6665494441986084
0.6437082290649414
0.639021635055542
0.6388406753540039
0.6417529582977295
0.6584668159484863
0.6642968654632568
0.6504411697387695
0.6378586292266846
0.6392848491668701
0.6421782970428467
0.6378331184387207
0.6442975997924805
0.6672334671020508
0.6645915508270264
0.6670727729797363
0.6559491157531738
0.6436004638671875
0.6456084251403809
0.6403360366821289
0.6609084606170654
0.6469190120697021
0.6587321758270264
0.6467773914337158
0.6415257453918457
0.6573352813720703
0.6403346061706543
0.6528170108795166
0.6695971488952637
0.6449463367462158
0.6431682109832764
0.6414644718170166
0.6414577960968018
0.6617856025695801
0.6415839195251465
0.6686880588531494
0.6452393531799316
0.6493351459503174
0.64263916015625
0.6494312286376953
0.6677858829498291
0.6541109085083008
0.6485605239868164
0.6622757911682129
0.6533865928649902
0.6432244777679443
0.6667098999023438
0.6482028961181641
0.6421434879302979
0.6451880931854248
0.6476452350616455
0.675309419631958
0.6558177471160889
0.6537947654724121
0.651752233505249
0.6656806468963623
0.6444647312164307
0.6496548652648926
0.6723737716674805
0.6727843284606934
0.664905309677124
0.671698808670044
0.6700198650360107
0.6498382091522217
0.6456484794616699
0.6523628234863281
0.647118091583252
0.6523559093475342
0.669677734375
0.6645965576171875
0.6536903381347656
0.667367696762085
0.6584663391113281
0.6557779312133789
0.6499514579772949
0.667959451675415
0.6519536972045898
0.6644184589385986
0.6706826686859131
0.6534969806671143
0.6523208618164062
0.6634747982025146
0.6536109447479248
0.6509592533111572
0.6510200500488281
0.6554684638977051
0.6775915622711182
0.6528096199035645
0.6527259349822998
0.6528041362762451
0.6702263355255127
0.651982307434082
0.653667688369751
0.6702077388763428
0.6519513130187988
0.6525974273681641
0.6549777984619141
0.6692893505096436
0.654679536819458
0.6507415771484375
0.6565670967102051
0.6559972763061523
0.6764805316925049
0.6493391990661621
0.6600594520568848
0.646630048751831
0.6551992893218994
0.6429269313812256
0.6644618511199951
0.6489453315734863
0.6443426609039307
0.6509604454040527
0.6503825187683105
0.6475830078125
0.6433732509613037
0.6449575424194336
0.6459722518920898
0.647362232208252
0.6483349800109863
0.6486184597015381
0.6490664482116699
0.6542167663574219
0.6502172946929932
0.6489498615264893
0.6521363258361816
0.6534731388092041
0.6480023860931396
0.650648832321167
0.6480216979980469
0.6509051322937012
0.6452081203460693
0.6537792682647705
0.6579463481903076
0.6484348773956299
0.6505210399627686
0.6672554016113281
0.6585168838500977
0.6608479022979736
0.67867112159729
0.6826457977294922
0.6662356853485107
0.6797752380371094
0.6640253067016602
0.6613547801971436
0.6833834648132324
0.6849234104156494
0.6586024761199951
0.6643829345703125
0.6771218776702881
0.6621465682983398
0.6739146709442139
0.665825605392456
0.6761765480041504
0.6992471218109131
0.6931607723236084
0.6723358631134033
0.6634058952331543
0.6708979606628418
0.6706736087799072
0.6677491664886475
0.6637849807739258
0.680577278137207
0.6610047817230225
0.6863722801208496
0.6844639778137207
0.6647570133209229
0.670440673828125
0.6776151657104492
0.6705131530761719
0.6641175746917725
0.6640300750732422
0.6635341644287109
0.6713607311248779
0.6701886653900146
0.6861772537231445
0.6751320362091064
0.6656160354614258
0.6852450370788574
0.6658058166503906
0.6726348400115967
0.6742968559265137
0.666327953338623
0.6716172695159912
0.6663289070129395
0.6683733463287354
0.6642782688140869
0.6627647876739502
0.6826965808868408
0.6720571517944336
0.6627151966094971
0.6767468452453613
0.6609926223754883
0.6855578422546387
0.6825618743896484
0.6867303848266602
0.6694779396057129
0.6764581203460693
0.6916794776916504
0.6806800365447998
0.6865549087524414
0.6658878326416016
0.6674089431762695
0.686913251876831
0.6871554851531982
0.670508861541748
0.6837701797485352
0.6743237972259521
0.6862061023712158
0.6678624153137207
0.6670053005218506
0.6959600448608398
0.670245885848999
0.6861348152160645
0.6867880821228027
0.6682343482971191
0.6899473667144775
0.6993954181671143
0.6819138526916504
0.6734452247619629
0.6903629302978516
0.6629509925842285
0.6664552688598633
0.6615331172943115
0.6812891960144043
0.6622388362884521
0.6590018272399902
0.6625015735626221
0.6641321182250977
0.683793306350708
0.6738836765289307
0.6792659759521484
0.663245677947998
0.6628270149230957
0.6917192935943604
0.6802020072937012
0.6700410842895508
0.6796438694000244
0.6685514450073242
0.6617894172668457
0.6719264984130859
0.6663010120391846
0.6656403541564941
0.6655197143554688
0.6589303016662598
0.6612434387207031
0.6676805019378662
0.6602902412414551
0.6603024005889893
0.6646125316619873
0.6706011295318604
0.672370433807373
0.6849541664123535
0.6780548095703125
0.684063196182251
0.6924829483032227
0.6920890808105469
0.6807413101196289
0.6804049015045166
0.6869082450866699
0.6921818256378174
0.6763625144958496
0.6715087890625
0.6710219383239746
0.6736502647399902
0.6747729778289795
0.6724379062652588
0.6773359775543213
0.6944239139556885
0.6853861808776855
0.6816399097442627
0.6947712898254395
0.691927433013916
0.6740818023681641
0.67667555809021
0.6770942211151123
0.6947164535522461
0.6765518188476562
0.6804542541503906
0.7040438652038574
0.6866223812103271
0.6754233837127686
0.6972417831420898
0.6776759624481201
0.6747627258300781
0.6840310096740723
0.6953544616699219
0.6779518127441406
0.7166826725006104
0.6794192790985107
0.6972975730895996
0.6815831661224365
0.6754369735717773
0.6753838062286377
0.6790292263031006
0.704378604888916
0.6797771453857422
0.6912825107574463
0.6831533908843994
0.7009820938110352
0.6829648017883301
0.6953330039978027
0.6921608448028564
0.6891396045684814
0.677016019821167
0.7010772228240967
0.6904177665710449
0.6884455680847168
0.700610876083374
0.6751863956451416
0.6801917552947998
0.6838908195495605
0.702822208404541
0.6852478981018066
0.688396692276001
0.6946086883544922
0.6825771331787109
0.6884162425994873
0.6818463802337646
0.6805233955383301
0.6911177635192871
0.6868629455566406
0.6811263561248779
0.6787238121032715
0.6852278709411621
0.6871814727783203
0.7084591388702393
0.6818718910217285
0.6891522407531738
0.7039618492126465
0.685438871383667
0.6798639297485352
0.6776700019836426
0.6866457462310791
0.6997647285461426
0.6894583702087402
0.7284708023071289
0.7093629837036133
0.7041168212890625
0.7039883136749268
0.6847269535064697
0.6811738014221191
0.7066948413848877
0.6849074363708496
0.6849801540374756
0.7008662223815918
0.6875524520874023
0.6898794174194336
0.6871280670166016
0.7123074531555176
0.6894333362579346
0.6885631084442139
0.6869528293609619
0.7089054584503174
0.690263032913208
0.6843159198760986
0.6897156238555908
0.7039391994476318
0.6871540546417236
0.6835503578186035
0.7194509506225586
0.6863369941711426
0.7196054458618164
0.6904892921447754
0.6853733062744141
0.6876266002655029
0.6981303691864014
0.702660083770752
0.7060849666595459
0.6906108856201172
0.6841869354248047
0.689164400100708
0.6872274875640869
0.7093355655670166
0.6916332244873047
0.6849780082702637
0.6879630088806152
0.7041845321655273
0.6931381225585938
0.6908707618713379
0.7081196308135986
0.6910653114318848
0.6881289482116699
0.7137196063995361
0.6893072128295898
0.6911447048187256
0.7073183059692383
0.692575216293335
0.6868088245391846
0.6899864673614502
0.6878757476806641
0.7102887630462646
0.6883194446563721
0.6931066513061523
0.7233283519744873
0.6937963962554932
0.6940791606903076
0.691727876663208
0.697894811630249
0.6928536891937256
0.693251371383667
0.7029428482055664
0.6991283893585205
0.6907341480255127
0.6886720657348633
0.6946821212768555
0.7117812633514404
0.7003679275512695
0.7022840976715088
0.6935210227966309
0.715644359588623
0.6933343410491943
0.7185094356536865
0.7036683559417725
0.7019054889678955
0.7081382274627686
0.7199299335479736
0.7015438079833984
0.7187528610229492
0.7022359371185303
0.704251766204834
0.7177894115447998
0.6999104022979736
0.7086219787597656
0.707252025604248
0.7241125106811523
0.7151262760162354
0.7233598232269287
0.704897403717041
0.7250597476959229
0.716522216796875
0.7021732330322266
0.7019531726837158
0.7196996212005615
0.7072007656097412
0.7005672454833984
0.6998143196105957
0.7024514675140381
0.7091495990753174
0.7004454135894775
0.7011775970458984
0.727719783782959
0.7058067321777344
0.7051184177398682
0.7208378314971924
0.7240192890167236
0.7043728828430176
0.7127201557159424
0.7030222415924072
0.7015905380249023
0.7240245342254639
0.7003324031829834
0.7022521495819092
0.7023005485534668
0.703930139541626
0.7027792930603027
0.7247486114501953
0.7039711475372314
0.7077820301055908
0.7255854606628418
0.7098450660705566
0.7002699375152588
0.7221620082855225
0.7374322414398193
0.7137136459350586
0.7053725719451904
0.7334554195404053
0.706195592880249
0.7046318054199219
0.7082304954528809
0.7271881103515625
0.7275664806365967
0.7356719970703125
0.7094945907592773
0.7085843086242676
0.7108325958251953
0.7050392627716064
0.7148163318634033
0.7035548686981201
0.876847505569458
0.708914041519165
0.7119109630584717
0.7133495807647705
0.7101411819458008
0.7084636688232422
0.7235894203186035
0.7138357162475586
0.7277133464813232
0.7129075527191162
0.7118148803710938
0.716850757598877
0.7282216548919678
0.7098498344421387
0.7346224784851074
0.7120363712310791
0.7067046165466309
0.729820728302002
0.710324764251709
0.7187893390655518
0.7272655963897705
0.7160115242004395
0.7074806690216064
0.7361619472503662
0.7098555564880371
0.7335362434387207
0.7094194889068604
0.7228071689605713
0.7203292846679688
0.7171766757965088
0.7324042320251465
0.7247505187988281
0.7094054222106934
0.7111773490905762
0.715552806854248
0.736271858215332
0.7133283615112305
0.7117969989776611
0.7108824253082275
0.7088706493377686
0.7333569526672363
0.7195029258728027
0.7066292762756348
0.7110128402709961
0.7383780479431152
0.7200846672058105
0.714932918548584
0.7331786155700684
0.712104320526123
0.711043119430542
0.7097012996673584
0.7413070201873779
0.7140641212463379
0.7110121250152588
0.7135741710662842
0.715559720993042
0.710193395614624
0.7124080657958984
0.7368080615997314
0.720423698425293
0.7274215221405029
0.7328846454620361
0.714043378829956
0.7182474136352539
0.712343692779541
0.7156062126159668
0.742687463760376
0.726158618927002
0.734450101852417
0.7153277397155762
0.7422091960906982
0.7171392440795898
0.7234368324279785
0.7144289016723633
0.713972806930542
0.7359752655029297
0.7112789154052734
0.719186544418335
0.7193403244018555
0.7284905910491943
0.720125675201416
0.7194793224334717
0.7356717586517334
0.7222721576690674
0.7237682342529297
0.7321484088897705
0.7147064208984375
0.7137997150421143
0.7198779582977295
0.7338979244232178
0.741628885269165
0.7223317623138428
0.7213935852050781
0.7410008907318115
0.715839147567749
0.7182605266571045
0.7467861175537109
0.7184178829193115
0.7241461277008057
0.7202701568603516
0.722970724105835
0.7170722484588623
0.729393482208252
0.7493526935577393
0.7393159866333008
0.7202732563018799
0.7160661220550537
0.7202146053314209
0.741126537322998
0.720273494720459
0.7205061912536621
0.724785327911377
0.7230448722839355
0.7545413970947266
0.7245059013366699
0.7211098670959473
0.7209696769714355
0.7305612564086914
0.7277591228485107
0.720470666885376
0.7192459106445312
0.7265775203704834
0.875732421875
0.7214603424072266
0.7477307319641113
0.7215640544891357
0.7281308174133301
0.7438194751739502
0.7298696041107178
0.7247335910797119
0.757925271987915
0.7576560974121094
0.7180531024932861
0.7162508964538574
0.7149143218994141
0.7139098644256592
0.7116663455963135
0.7126796245574951
0.7152934074401855
0.7341103553771973
0.7398128509521484
0.7083501815795898
0.7298665046691895
0.7141170501708984
0.7121682167053223
0.7128307819366455
0.7159433364868164
0.7438168525695801
0.7166986465454102
0.7141952514648438
0.7557289600372314
0.7275638580322266
0.7212591171264648
0.7471837997436523
0.7142703533172607
0.711259126663208
0.7107508182525635
0.7166028022766113
0.724708080291748
0.7188870906829834
0.7123279571533203
0.7157444953918457
0.7396783828735352
0.7270324230194092
0.7145564556121826
0.7150936126708984
0.7330327033996582
0.7129950523376465
0.7155225276947021
0.7159881591796875
0.7395081520080566
0.714820146560669
0.7174510955810547
0.7418055534362793
0.7282233238220215
0.7457520961761475
0.7323818206787109
0.7189552783966064
0.7262959480285645
0.7290637493133545
0.7271323204040527
0.7230186462402344
0.7169451713562012
0.7513372898101807
0.7540490627288818
0.7530496120452881
0.7377748489379883
0.7644217014312744
0.7258586883544922
0.7375056743621826
0.7498652935028076
0.7346184253692627
0.7319233417510986
0.7497217655181885
0.7317230701446533
0.7567691802978516
0.7520368099212646
0.7406344413757324
0.729877233505249
0.7210402488708496
0.7175397872924805
0.7215094566345215
0.7269163131713867
0.7365999221801758
0.7148070335388184
0.7209570407867432
0.722606897354126
0.729254961013794
0.7226696014404297
0.7213006019592285
0.7251913547515869
0.7237691879272461
0.723992109298706
0.7394418716430664
0.7254776954650879
0.722517728805542
0.7218320369720459
0.7328767776489258
0.7521214485168457
0.741365909576416
0.7292575836181641
0.7221531867980957
0.7191040515899658
0.7356307506561279
0.7272090911865234
0.732081413269043
0.7223894596099854
0.7244856357574463
0.7438738346099854
0.7287709712982178
0.7334146499633789
0.7222318649291992
0.7299363613128662
0.7432730197906494
0.726717472076416
0.7240891456604004
0.7466342449188232
0.7358767986297607
0.7551827430725098
0.735497236251831
0.7281954288482666
0.7464237213134766
0.7243728637695312
0.7348377704620361
0.7286539077758789
0.7549445629119873
0.732907772064209
0.7432644367218018
0.7316911220550537
0.7441408634185791
0.7206504344940186
0.7277624607086182
0.7517406940460205
0.7431893348693848
0.7308664321899414
0.7479965686798096
0.7513344287872314
0.7264614105224609
0.7281875610351562
0.7471213340759277
0.7390687465667725
0.7224845886230469
0.7271251678466797
0.7359147071838379
0.7493822574615479
0.7406477928161621
0.7282736301422119
0.7526369094848633
0.7402083873748779
0.7270317077636719
0.7484214305877686
0.7316000461578369
0.7321934700012207
0.7300922870635986
0.73211669921875
0.7256524562835693
0.7568862438201904
0.729010820388794
0.7293257713317871
0.7534644603729248
0.7416207790374756
0.7331376075744629
0.7306838035583496
0.7331502437591553
0.7340023517608643
0.7281105518341064
0.7281949520111084
0.7544820308685303
0.7438771724700928
0.7376053333282471
0.7359237670898438
0.7383902072906494
0.765305757522583
0.7424280643463135
0.7452270984649658
0.7453439235687256
0.7710473537445068
0.7649807929992676
0.7482552528381348
0.7507779598236084
0.7394213676452637
0.7433044910430908
0.7461514472961426
0.748319149017334
0.7407755851745605
0.7662146091461182
0.7609186172485352
0.7498233318328857
0.7687759399414062
0.7499477863311768
0.7490220069885254
0.7776699066162109
0.7428302764892578
0.7464184761047363
0.761702299118042
0.7538270950317383
0.7439846992492676
0.7492489814758301
0.7487912178039551
0.7496006488800049
0.750720739364624
0.7628929615020752
0.776731014251709
0.7497801780700684
0.7579331398010254
0.7551684379577637
0.7509832382202148
0.752591609954834
0.7827961444854736
0.7793560028076172
0.7791171073913574
0.7687606811523438
0.7579176425933838
0.7468442916870117
0.7797067165374756
0.7529067993164062
0.7591664791107178
0.7485241889953613
0.7726051807403564
0.7868955135345459
0.7598567008972168
0.7546167373657227
0.7659034729003906
0.7553884983062744
0.7483325004577637
0.7824447154998779
0.7629177570343018
0.768322229385376
0.7557549476623535
0.7577781677246094
0.7618498802185059
0.7537732124328613
0.7657220363616943
0.773247241973877
0.765836238861084
0.7660975456237793
0.7568633556365967
0.7723586559295654
0.7556006908416748
0.7569880485534668
0.7829647064208984
0.7574522495269775
0.7755036354064941
0.7717456817626953
0.7827346324920654
0.7560834884643555
0.7805447578430176
0.7592968940734863
0.753974437713623
0.7801508903503418
0.7543191909790039
0.7642233371734619
0.7644493579864502
0.7665708065032959
0.762009859085083
0.7896780967712402
0.7557549476623535
0.7636895179748535
0.7650589942932129
0.7815446853637695
0.7617254257202148
0.7583334445953369
0.761359453201294
0.7691001892089844
0.7745559215545654
0.7713978290557861
0.7703392505645752
0.7632858753204346
0.7591910362243652
0.7604246139526367
0.7684171199798584
0.7640554904937744
0.7631354331970215
0.767564058303833
0.758528470993042
0.7618057727813721
0.7592220306396484
0.7660868167877197
0.7631087303161621
0.762209415435791
0.7993001937866211
0.7680115699768066
0.7712793350219727
0.7932302951812744
0.7695786952972412
0.7620179653167725
0.7659611701965332
0.7639596462249756
0.7586586475372314
0.7662405967712402
0.7587020397186279
0.7591056823730469
0.791020393371582
0.7804303169250488
0.7932877540588379
0.7765533924102783
0.7898366451263428
0.7850222587585449
0.774376630783081
0.7663893699645996
0.7620348930358887
0.7676992416381836
0.7867939472198486
0.7823154926300049
0.7610683441162109
0.7708175182342529
0.7629773616790771
0.7988934516906738
0.7695224285125732
0.7647151947021484
0.7613506317138672
0.7730028629302979
0.7692668437957764
0.8079462051391602
0.7711129188537598
0.7734377384185791
0.764132022857666
0.7730753421783447
0.7664506435394287
0.7884864807128906
0.7759947776794434
0.765322208404541
0.7910475730895996
0.7623803615570068
0.7647488117218018
0.7881097793579102
0.7674131393432617
0.7986190319061279
0.7694191932678223
0.7646365165710449
0.7637701034545898
0.7645132541656494
0.801680326461792
0.790931224822998
0.7594349384307861
0.771291971206665
0.7875242233276367
0.781212568283081
0.7674369812011719
0.8018994331359863
0.8163092136383057
0.8346192836761475
0.817450761795044
0.8130233287811279
0.8027734756469727
0.8042421340942383
0.8050010204315186
0.8104057312011719
0.829242467880249
0.832841157913208
0.8253111839294434
0.8149511814117432
0.8204514980316162
0.8108093738555908
0.8054380416870117
0.8091781139373779
0.8392124176025391
0.8218095302581787
0.8122823238372803
0.8284964561462402
0.8101394176483154
0.806159257888794
0.829564094543457
0.8076109886169434
0.8132901191711426
0.8069396018981934
0.8190221786499023
0.8510100841522217
0.8113384246826172
0.8217978477478027
0.8112761974334717
0.8118870258331299
0.809011697769165
0.8316419124603271
0.8168215751647949
0.8126790523529053
0.8326129913330078
0.8241910934448242
0.817108154296875
0.8165600299835205
0.837801456451416
0.8164005279541016
0.8097288608551025
0.8247120380401611
0.8286862373352051
0.810349702835083
0.8129286766052246
0.8372676372528076
2.133843183517456
0.8236021995544434
0.8237979412078857
0.8143143653869629
0.9173979759216309
0.8332293033599854
0.812065601348877
0.8086214065551758
0.80977463722229
0.84429931640625
0.8320209980010986
0.8118026256561279
0.8111672401428223
0.8092968463897705
0.8381505012512207
0.8137192726135254
0.8397660255432129
0.8134267330169678
0.8284385204315186
0.8250389099121094
0.8113114833831787
0.8136780261993408
0.8153719902038574
0.8222150802612305
0.8128871917724609
0.8546011447906494
0.8384857177734375
0.8175199031829834
0.809626579284668
0.8089957237243652
0.8114876747131348
0.8278419971466064
0.8355178833007812
0.822974443435669
0.8220369815826416
0.8296301364898682
0.8402183055877686
0.829399585723877
0.8343639373779297
0.8430140018463135
0.8236634731292725
0.8433880805969238
0.815943717956543
0.8336694240570068
0.8335800170898438
0.8204631805419922
0.8168478012084961
0.8253471851348877
0.814906120300293
0.8382196426391602
0.8169848918914795
0.818972110748291
0.8133895397186279
0.8130402565002441
0.8082420825958252
0.836430549621582
0.8221065998077393
0.8414552211761475
0.8178937435150146
0.84610915184021
0.8328728675842285
0.8482391834259033
0.8458597660064697
0.8270277976989746
0.8165731430053711
0.8336474895477295
0.8463263511657715
0.8420364856719971
0.8299441337585449
0.8342900276184082
0.825263261795044
0.8355197906494141
0.8453466892242432
0.8314008712768555
0.8279762268066406
0.8649487495422363
0.8318943977355957
0.825279712677002
0.826486349105835
0.8235843181610107
0.8483982086181641
0.8305695056915283
0.8484609127044678
0.852189302444458
0.8247237205505371
0.8355579376220703
0.8312215805053711
0.8280625343322754
0.8353667259216309
0.828188419342041
0.8263680934906006
0.8471708297729492
0.8268325328826904
0.8203320503234863
0.8224034309387207
0.8388235569000244
0.8274936676025391
0.827716588973999
0.8274095058441162
0.8359050750732422
0.825247049331665
0.829923152923584
0.8308484554290771
0.8310356140136719
0.8443379402160645
0.8283348083496094
0.8409645557403564
0.8384809494018555
0.8348207473754883
0.8245711326599121
0.8400402069091797
0.8346502780914307
0.8294029235839844
0.836972713470459
0.8237318992614746
0.8262302875518799
0.8503386974334717
0.8269703388214111
0.8521280288696289
0.833432674407959
0.8284518718719482
0.8343789577484131
0.853020191192627
0.82541823387146
0.8300678730010986
0.8492906093597412
0.8298819065093994
0.8358159065246582
0.8324694633483887
0.8295919895172119
0.8395984172821045
0.8609294891357422
0.8280508518218994
0.831369161605835
0.828873872756958
0.8328380584716797
0.8322937488555908
0.8510379791259766
0.8388230800628662
0.8274035453796387
0.8288497924804688
0.8495919704437256
0.8410255908966064
0.8323695659637451
0.8777449131011963
0.8376674652099609
0.8257777690887451
0.858090877532959
0.8560061454772949
0.8282325267791748
0.8263747692108154
0.8355586528778076
0.8308889865875244
0.848879337310791
0.8532547950744629
0.8509893417358398
0.8279569149017334
0.8466408252716064
0.8276219367980957
0.8543496131896973
0.8289048671722412
0.8540682792663574
0.8446235656738281
0.8263976573944092
0.8347721099853516
0.8427238464355469
0.8330414295196533
0.8360404968261719
0.8314626216888428
0.8445782661437988
0.842292308807373
0.8393259048461914
0.8321120738983154
0.83292555809021
0.8685488700866699
0.8560006618499756
0.8352804183959961
0.8340582847595215
0.8363828659057617
0.8474166393280029
0.8359372615814209
0.8715152740478516
0.8407630920410156
0.864445686340332
0.8678903579711914
0.8531599044799805
0.837214469909668
0.8378386497497559
0.8339016437530518
0.8577487468719482
0.8451459407806396
0.8433394432067871
0.8594832420349121
0.853515625
0.8391687870025635
0.8629798889160156
0.862260103225708
0.8596765995025635
0.8616828918457031
0.868582010269165
0.866898775100708
0.8690545558929443
0.8700931072235107
0.8744373321533203
0.8814065456390381
0.8554205894470215
0.872157096862793
0.8693380355834961
0.8591609001159668
0.8648607730865479
0.8654022216796875
0.858304500579834
0.8647847175598145
0.850353479385376
0.8526904582977295
0.8566415309906006
