4.57763671875e-05
9.036064147949219e-05
0.00011539459228515625
0.0001277923583984375
0.00018715858459472656
0.00020623207092285156
0.00024175643920898438
0.00034356117248535156
0.00030803680419921875
0.0003402233123779297
0.00037479400634765625
0.0004138946533203125
0.0004248619079589844
0.0004487037658691406
0.0004885196685791016
0.0005209445953369141
0.0006704330444335938
0.0006487369537353516
0.0006785392761230469
0.0007166862487792969
0.0016443729400634766
0.0007910728454589844
0.0008287429809570312
0.0007984638214111328
0.0010318756103515625
0.0010356903076171875
0.0009970664978027344
0.001195669174194336
0.0011432170867919922
0.0014147758483886719
0.0010876655578613281
0.0010249614715576172
0.001092672348022461
0.0011858940124511719
0.0012042522430419922
0.001252889633178711
0.0018618106842041016
0.001260995864868164
0.0013549327850341797
0.0012772083282470703
0.0017175674438476562
0.0013811588287353516
0.0017023086547851562
0.0017185211181640625
0.0019276142120361328
0.0016949176788330078
0.0016176700592041016
0.002020597457885742
0.0016469955444335938
0.0016167163848876953
0.0017499923706054688
0.001750946044921875
0.0023598670959472656
0.002030611038208008
0.0019600391387939453
0.0019605159759521484
0.00357818603515625
0.0029709339141845703
0.00189971923828125
0.0021071434020996094
0.002426624298095703
0.0030002593994140625
0.0021293163299560547
0.0037927627563476562
0.0020830631256103516
0.002156972885131836
0.0021619796752929688
0.0021741390228271484
0.002933025360107422
0.0030264854431152344
0.0025873184204101562
0.002431154251098633
0.0024335384368896484
0.0027074813842773438
0.003340482711791992
0.0025758743286132812
0.0027930736541748047
0.0026092529296875
0.005685329437255859
0.004464387893676758
0.005028247833251953
0.019068241119384766
0.004536151885986328
0.00492095947265625
0.006041049957275391
0.004556417465209961
0.007561206817626953
0.0050203800201416016
0.010100841522216797
0.004269599914550781
0.0054700374603271484
0.003852367401123047
0.0031006336212158203
0.0033354759216308594
0.003510713577270508
0.0033032894134521484
0.003327608108520508
0.003756999969482422
0.004168987274169922
0.0036897659301757812
0.003668069839477539
0.004244327545166016
0.0035398006439208984
0.003454446792602539
0.0035827159881591797
0.005785465240478516
0.005102872848510742
0.00484156608581543
0.004226207733154297
0.009769678115844727
0.007028341293334961
0.009665966033935547
0.006360054016113281
0.009094715118408203
0.011164665222167969
0.004651546478271484
0.0067670345306396484
0.006544351577758789
0.003761768341064453
0.004023075103759766
0.006148815155029297
0.012297391891479492
0.004913806915283203
0.005059003829956055
0.005299806594848633
0.006154775619506836
0.00493311882019043
0.004683017730712891
0.004825115203857422
0.0055429935455322266
0.005072116851806641
0.005223751068115234
0.005185604095458984
0.004648685455322266
0.005432605743408203
0.005152225494384766
0.005090236663818359
0.005656719207763672
0.00501561164855957
0.01360774040222168
0.008391141891479492
0.008452653884887695
0.012732982635498047
0.007065773010253906
0.010689020156860352
0.006015777587890625
0.006170034408569336
0.005707979202270508
0.010101079940795898
0.0055332183837890625
0.005753278732299805
0.00628972053527832
0.005952358245849609
0.0061190128326416016
0.005671262741088867
0.005588531494140625
0.005855083465576172
0.006056547164916992
0.013204574584960938
0.005379676818847656
0.005605936050415039
0.006107807159423828
0.007027387619018555
0.011248350143432617
0.007921695709228516
0.029752254486083984
0.012159585952758789
0.013021230697631836
0.007368803024291992
0.009658336639404297
0.005928516387939453
0.007060050964355469
0.006510496139526367
0.008060216903686523
0.006964445114135742
0.008977413177490234
0.008235692977905273
0.008912801742553711
0.007119894027709961
0.008075475692749023
0.0067441463470458984
0.008004188537597656
0.007475137710571289
0.010013818740844727
0.008909940719604492
0.01230621337890625
0.013239860534667969
0.022019386291503906
0.021996021270751953
0.013825654983520508
0.017165184020996094
0.009088993072509766
0.014216184616088867
0.009874343872070312
0.012317895889282227
0.007078409194946289
0.0069332122802734375
0.006867408752441406
0.006716489791870117
0.008778572082519531
0.008691787719726562
0.009156942367553711
0.008799552917480469
0.008536338806152344
0.009406089782714844
0.011215686798095703
0.0063724517822265625
0.010332822799682617
0.014015674591064453
0.02469611167907715
0.012656211853027344
0.013570308685302734
0.010913372039794922
0.007459163665771484
0.00857686996459961
0.00889444351196289
0.011358499526977539
0.010341405868530273
0.009645223617553711
0.008918285369873047
0.011235713958740234
0.008177757263183594
0.01033926010131836
0.009610652923583984
0.010403633117675781
0.009850263595581055
0.01838231086730957
0.012300252914428711
0.01344609260559082
0.010037660598754883
0.012347221374511719
0.013218879699707031
0.02448749542236328
0.024025440216064453
0.018523216247558594
0.008979320526123047
0.010025739669799805
0.008896112442016602
0.011202573776245117
0.012328624725341797
0.009982824325561523
0.008820295333862305
0.011681318283081055
0.010799646377563477
0.010091304779052734
0.008957386016845703
0.012719392776489258
0.009409666061401367
0.009980201721191406
0.01253199577331543
0.012514114379882812
0.02561211585998535
0.029505491256713867
0.012815237045288086
0.01548910140991211
0.013637304306030273
0.010575532913208008
0.011149883270263672
0.009530305862426758
0.015014410018920898
0.010335683822631836
0.014698982238769531
0.015067815780639648
0.012048006057739258
0.014239072799682617
0.01221013069152832
0.01215672492980957
0.011079549789428711
0.011939048767089844
0.011378288269042969
0.01250767707824707
0.011190414428710938
0.018011093139648438
0.03615689277648926
0.02228522300720215
0.013558387756347656
0.014345884323120117
0.01772594451904297
0.011599302291870117
0.01263427734375
0.011136770248413086
0.011139869689941406
0.015228509902954102
0.012676715850830078
0.010806560516357422
0.012198686599731445
0.012138843536376953
0.011072635650634766
0.016795635223388672
0.01564502716064453
0.02241039276123047
0.024718284606933594
0.013926267623901367
0.016968488693237305
0.013472318649291992
0.01358342170715332
0.012627840042114258
0.011953115463256836
0.013155937194824219
0.0153961181640625
0.012932062149047852
0.013940095901489258
0.012414932250976562
0.012874364852905273
0.01248025894165039
0.017444372177124023
0.013441801071166992
0.01369929313659668
0.02151632308959961
0.03719806671142578
0.027420520782470703
0.014953851699829102
0.017757892608642578
0.01647639274597168
0.014797687530517578
0.014867782592773438
0.01453089714050293
0.014320611953735352
0.014338254928588867
0.017528295516967773
0.015514850616455078
0.02656865119934082
0.017746925354003906
0.018338918685913086
0.030716657638549805
0.02072930335998535
0.015943527221679688
0.013753652572631836
0.015254497528076172
0.014014959335327148
0.012799739837646484
0.014285564422607422
0.014637231826782227
0.014075994491577148
0.012973785400390625
0.012820959091186523
0.013678789138793945
0.028339147567749023
0.020999908447265625
0.014801979064941406
0.03522801399230957
0.018920183181762695
0.021762371063232422
0.015824317932128906
0.015540838241577148
0.014543533325195312
0.019804716110229492
0.018956899642944336
0.017679214477539062
0.018207073211669922
0.01870441436767578
0.013755321502685547
0.015804290771484375
0.01630997657775879
0.027067899703979492
0.0343782901763916
0.018366336822509766
0.02176952362060547
0.025246858596801758
0.01723170280456543
0.014299631118774414
0.016054630279541016
0.016997814178466797
0.017512083053588867
0.01772308349609375
0.01600503921508789
0.013250112533569336
0.015149593353271484
0.015981197357177734
0.01600503921508789
0.016272544860839844
0.06688046455383301
0.03239870071411133
0.019702434539794922
0.023072242736816406
0.021312952041625977
0.033254146575927734
0.0501856803894043
0.023981332778930664
0.027771472930908203
0.01732158660888672
0.10443854331970215
0.02532219886779785
0.031612396240234375
0.027948856353759766
0.023322343826293945
0.01826024055480957
0.024440765380859375
0.020914554595947266
0.019295454025268555
0.018321990966796875
0.015791893005371094
0.01827549934387207
0.02211308479309082
0.03391528129577637
0.016951322555541992
0.020720481872558594
0.020475387573242188
0.017728567123413086
0.022760629653930664
0.0210721492767334
0.03196096420288086
0.019475698471069336
0.021013259887695312
0.01756906509399414
0.028290510177612305
0.020532846450805664
0.01876378059387207
0.026774168014526367
0.02235102653503418
0.02206277847290039
0.019317626953125
0.021451234817504883
0.01924896240234375
0.05730319023132324
0.03251457214355469
0.015300273895263672
0.016625642776489258
0.016771316528320312
0.02005457878112793
0.020049095153808594
0.015151739120483398
0.02203083038330078
0.016127824783325195
0.01575493812561035
0.02127552032470703
0.03069615364074707
0.023958683013916016
0.01723933219909668
0.021690845489501953
0.019285917282104492
0.017769336700439453
0.01562666893005371
0.017384052276611328
0.018398761749267578
0.01808619499206543
0.028455495834350586
0.03216123580932617
0.02786874771118164
0.03466796875
0.047719478607177734
0.024643421173095703
0.023777484893798828
0.021659135818481445
0.018938779830932617
0.01875448226928711
0.02503371238708496
0.016434669494628906
0.01837921142578125
0.02244424819946289
0.023807764053344727
0.038239479064941406
0.022050142288208008
0.019901275634765625
0.02049422264099121
0.020189285278320312
0.019519329071044922
0.01905989646911621
0.018267393112182617
0.018402576446533203
0.019118547439575195
0.02388596534729004
0.04366278648376465
0.14961552619934082
0.1488499641418457
0.0629117488861084
0.0455012321472168
0.0400233268737793
0.0238494873046875
0.02097177505493164
0.022197723388671875
0.023692607879638672
0.022063493728637695
0.02304244041442871
0.019588232040405273
0.028062105178833008
0.023445844650268555
0.031375885009765625
0.02174830436706543
0.02185678482055664
0.021055221557617188
0.017808198928833008
0.019687414169311523
0.019222259521484375
0.019275188446044922
0.031015396118164062
0.027009010314941406
0.029169559478759766
0.030790328979492188
0.019542217254638672
0.019940853118896484
0.027797937393188477
0.02067112922668457
0.020498991012573242
0.01881551742553711
0.020431995391845703
0.01927804946899414
0.02500438690185547
0.024118661880493164
0.028404951095581055
0.02711200714111328
0.02147960662841797
0.03264045715332031
0.02422499656677246
0.02017378807067871
0.019902944564819336
0.020248889923095703
0.02221083641052246
0.031037569046020508
0.021098613739013672
0.0283200740814209
0.03358793258666992
0.02568531036376953
0.025803565979003906
0.0212557315826416
0.021085739135742188
0.020338058471679688
0.019716978073120117
0.021023035049438477
0.02788853645324707
0.021883010864257812
0.021758317947387695
0.02591872215270996
0.03483748435974121
0.04203629493713379
0.023560047149658203
0.025916337966918945
0.028181791305541992
0.022952556610107422
0.036913394927978516
0.04807567596435547
0.03818535804748535
0.023342132568359375
0.02338433265686035
0.02968621253967285
0.04815268516540527
0.024602413177490234
0.02053070068359375
0.021066904067993164
0.030896425247192383
0.050412654876708984
0.020680904388427734
0.03036212921142578
0.022527456283569336
0.021500587463378906
0.029883623123168945
0.02535843849182129
0.02252936363220215
0.022130489349365234
0.042595624923706055
0.040021657943725586
0.020507097244262695
0.023181676864624023
0.021933555603027344
0.02111339569091797
0.030094623565673828
0.02028942108154297
0.025609970092773438
0.03134870529174805
0.046280622482299805
0.03995180130004883
0.02368617057800293
0.033421993255615234
0.02399134635925293
0.027701616287231445
0.04030752182006836
0.02756333351135254
0.06466054916381836
0.03044891357421875
0.0228579044342041
0.032700300216674805
0.03522086143493652
0.027716636657714844
0.02338695526123047
0.023928403854370117
0.04951071739196777
0.037493228912353516
0.025080204010009766
0.038590192794799805
0.03507208824157715
0.02417755126953125
0.02416062355041504
0.026044845581054688
0.025991201400756836
0.04893040657043457
0.02919745445251465
0.02286672592163086
0.02946925163269043
0.027648448944091797
0.030065536499023438
0.026597261428833008
0.02460932731628418
0.03031134605407715
0.04143929481506348
0.04979348182678223
0.039385318756103516
0.02736687660217285
0.028771162033081055
0.03873920440673828
0.028095483779907227
0.02389359474182129
0.028177738189697266
0.0536799430847168
0.03420138359069824
0.028563499450683594
0.02897167205810547
0.025510549545288086
0.03890371322631836
0.02726149559020996
0.03275609016418457
0.03239917755126953
0.04329371452331543
0.03278708457946777
0.03166055679321289
0.030492782592773438
0.0300748348236084
0.03781723976135254
0.02820897102355957
0.03205370903015137
0.03333234786987305
0.06183600425720215
0.03915810585021973
0.03350043296813965
0.027567148208618164
0.038681983947753906
0.048093318939208984
0.03215360641479492
0.04940938949584961
0.044378042221069336
0.03971982002258301
0.027428627014160156
0.028005599975585938
0.0320124626159668
0.040465593338012695
0.024643659591674805
0.039992332458496094
0.04754352569580078
0.03339815139770508
0.035709381103515625
0.02796459197998047
0.0274045467376709
0.02756810188293457
0.037355899810791016
0.029865741729736328
0.05081367492675781
0.03094792366027832
0.03313755989074707
0.02563023567199707
0.03041386604309082
0.04118847846984863
0.04214072227478027
0.03403520584106445
0.05485200881958008
0.0325167179107666
0.03233599662780762
0.029918670654296875
0.032445430755615234
0.029556989669799805
0.026408910751342773
0.04113125801086426
0.03375530242919922
0.03992724418640137
0.02784252166748047
0.04309272766113281
0.031142234802246094
0.026144981384277344
0.025203943252563477
0.0415804386138916
0.036257266998291016
0.03875446319580078
0.04143381118774414
0.03499269485473633
0.03422975540161133
0.03119826316833496
0.02726268768310547
0.03630685806274414
0.030159473419189453
0.04822397232055664
0.05010795593261719
0.030495405197143555
0.03341341018676758
0.0296933650970459
0.040778398513793945
0.033896446228027344
0.027798891067504883
0.03262019157409668
0.08821439743041992
0.029915809631347656
0.033174991607666016
0.03197622299194336
0.06193184852600098
0.03021717071533203
0.037543535232543945
0.05692005157470703
0.04412722587585449
0.029910802841186523
0.032341957092285156
0.028464078903198242
0.040337324142456055
0.042398929595947266
0.044728755950927734
0.06623530387878418
0.05362987518310547
0.0322117805480957
0.0306549072265625
0.0348210334777832
0.0383760929107666
0.032491207122802734
0.04192709922790527
0.03162336349487305
0.03670001029968262
0.028338193893432617
0.029611825942993164
0.04237842559814453
0.030752182006835938
0.03764152526855469
0.07826423645019531
0.04762458801269531
0.031793832778930664
0.030234336853027344
0.03000044822692871
0.03767108917236328
0.033086299896240234
0.03212618827819824
0.049692630767822266
0.03910970687866211
0.03429269790649414
0.03672313690185547
0.03954601287841797
0.03334784507751465
0.03203177452087402
0.058501482009887695
0.05710601806640625
0.03032398223876953
0.03462529182434082
0.03233218193054199
0.03313708305358887
0.03046727180480957
0.035706520080566406
0.060106754302978516
0.03652811050415039
0.04089999198913574
0.03327608108520508
0.040354251861572266
0.029416322708129883
0.03070068359375
0.04489278793334961
0.047762155532836914
0.03438377380371094
0.044153451919555664
0.04059934616088867
0.029885292053222656
0.031130075454711914
0.0451657772064209
0.048395633697509766
0.04566025733947754
0.05450558662414551
0.04784750938415527
0.03188443183898926
0.030365943908691406
0.03144216537475586
0.04622626304626465
0.04707741737365723
0.03267550468444824
0.042919158935546875
0.03096318244934082
0.03450298309326172
0.04986119270324707
0.035378456115722656
0.03138589859008789
0.03930091857910156
0.04726696014404297
0.03581094741821289
0.0339512825012207
0.0406496524810791
0.0381619930267334
0.033722639083862305
0.038077354431152344
0.03800678253173828
0.034035682678222656
0.04489445686340332
0.04454445838928223
0.036971330642700195
0.03401589393615723
0.03459978103637695
0.06520438194274902
0.03689002990722656
0.03298640251159668
0.05027341842651367
0.03155398368835449
0.03534889221191406
0.042104244232177734
0.035878658294677734
0.04289436340332031
0.039296627044677734
0.04806995391845703
0.037264347076416016
0.03783845901489258
0.05233407020568848
0.04609084129333496
0.03928565979003906
0.04272294044494629
0.03848433494567871
0.03258252143859863
0.03231453895568848
0.04018115997314453
0.04200243949890137
0.06364154815673828
0.06020665168762207
0.04429268836975098
0.031934261322021484
0.04871797561645508
0.03493356704711914
0.04446601867675781
0.03931164741516113
0.040190696716308594
0.036958932876586914
0.030762672424316406
0.038898468017578125
0.04491281509399414
0.06123852729797363
0.060549259185791016
0.03746747970581055
0.03725242614746094
0.05097508430480957
0.037223100662231445
0.04349374771118164
0.051851749420166016
0.05222940444946289
0.03799700736999512
0.04006314277648926
0.046929359436035156
0.0424497127532959
0.05284619331359863
0.056003570556640625
0.037810564041137695
0.04164385795593262
0.05117297172546387
0.05189037322998047
0.055494070053100586
0.05684614181518555
0.04509234428405762
0.03883528709411621
0.07598495483398438
0.05490827560424805
0.038851022720336914
0.04366135597229004
0.06852436065673828
0.03883624076843262
0.08017778396606445
0.06419110298156738
0.04015946388244629
0.038643836975097656
0.058881282806396484
0.04022359848022461
0.03924751281738281
0.06662416458129883
0.05175042152404785
0.04101157188415527
0.04856538772583008
0.04994344711303711
0.045366525650024414
0.06413722038269043
0.04919934272766113
0.04206109046936035
0.05484509468078613
0.042588233947753906
0.04063010215759277
0.0704035758972168
0.04291558265686035
0.04245710372924805
0.059056758880615234
0.04166245460510254
0.0498659610748291
0.0670020580291748
0.04965710639953613
0.04876112937927246
0.06133723258972168
0.048684120178222656
0.04671287536621094
0.06393122673034668
0.05140233039855957
0.0919942855834961
0.07329988479614258
0.049872636795043945
0.053095102310180664
0.06437849998474121
0.0427243709564209
0.038004159927368164
0.05107879638671875
0.03934335708618164
0.03735971450805664
0.06978726387023926
0.05073380470275879
0.04597973823547363
0.05215644836425781
0.036943674087524414
0.035233259201049805
0.04717302322387695
0.04964590072631836
0.048606157302856445
0.048381805419921875
0.03485465049743652
0.03770756721496582
0.05129837989807129
0.03900480270385742
0.03903770446777344
0.07766485214233398
0.041968584060668945
0.03873085975646973
0.042632341384887695
0.039591312408447266
0.03824424743652344
0.04370927810668945
0.05037856101989746
0.04624676704406738
0.0378565788269043
0.035341739654541016
0.0486598014831543
0.03714919090270996
0.038580894470214844
0.05494356155395508
0.04057431221008301
0.03843045234680176
0.04924631118774414
0.03983306884765625
0.036509037017822266
0.04735445976257324
0.04993724822998047
0.04177546501159668
0.04454183578491211
0.04007840156555176
0.03606867790222168
0.039823293685913086
0.03989577293395996
0.058428287506103516
0.04687952995300293
0.037371158599853516
0.05120396614074707
0.04080057144165039
0.03607964515686035
0.049088478088378906
0.05206942558288574
0.045664310455322266
0.04809379577636719
0.039160966873168945
0.03995561599731445
0.049446821212768555
0.04428362846374512
0.0721430778503418
0.040250539779663086
0.03899097442626953
0.046929359436035156
0.039841651916503906
0.0360105037689209
0.04365038871765137
0.03943920135498047
0.05211496353149414
0.05602908134460449
0.03700876235961914
0.05002236366271973
0.036864519119262695
0.040619611740112305
0.06458520889282227
0.051155805587768555
0.04663228988647461
0.048644065856933594
0.039443254470825195
0.04940462112426758
0.03885507583618164
0.04951786994934082
0.05701327323913574
0.03899049758911133
0.04610252380371094
0.04673027992248535
0.04329252243041992
0.06379318237304688
0.05180025100708008
0.04850625991821289
0.05310821533203125
0.037683963775634766
0.03697013854980469
0.04535555839538574
0.04243159294128418
0.05835914611816406
0.04014706611633301
0.038817405700683594
0.05136513710021973
0.03812384605407715
0.0388188362121582
0.05514407157897949
0.057218313217163086
0.0518794059753418
0.04351663589477539
0.037740230560302734
0.04789304733276367
0.03800153732299805
0.03945636749267578
0.0650167465209961
0.04451298713684082
0.055199623107910156
0.04109644889831543
0.042339324951171875
0.05206727981567383
0.05408334732055664
0.04308438301086426
0.050122737884521484
0.04323315620422363
0.05111813545227051
0.041960716247558594
0.05304288864135742
0.07048583030700684
0.04117608070373535
0.051282405853271484
0.03991866111755371
0.04354286193847656
0.07047176361083984
0.04410409927368164
0.053319692611694336
0.04077768325805664
0.04287147521972656
0.04768061637878418
0.04278111457824707
0.05046224594116211
0.0563046932220459
0.039762020111083984
0.050342559814453125
0.040883541107177734
0.040442466735839844
0.059952735900878906
0.05513358116149902
0.051532745361328125
0.04158377647399902
0.04453611373901367
0.05257606506347656
0.042333126068115234
0.0705411434173584
0.04151558876037598
0.039368391036987305
0.05206584930419922
0.043770551681518555
0.05297279357910156
0.05602455139160156
0.04947304725646973
0.0518949031829834
0.04595184326171875
0.05085921287536621
0.04290366172790527
0.06887626647949219
0.04547548294067383
0.043253183364868164
0.0508573055267334
0.039591073989868164
0.051993608474731445
0.03849649429321289
0.04308438301086426
0.06932854652404785
0.04361748695373535
0.0544893741607666
0.04292559623718262
0.04630780220031738
0.06038689613342285
0.056149959564208984
0.0672004222869873
0.04880523681640625
0.04546928405761719
0.0843515396118164
0.08017086982727051
0.07339644432067871
0.05135154724121094
0.06907057762145996
0.06684041023254395
0.07257723808288574
0.08932685852050781
0.06654977798461914
0.09624266624450684
0.08812284469604492
0.0542144775390625
0.0648200511932373
0.050804853439331055
0.060307979583740234
0.07874536514282227
0.06301522254943848
0.062435150146484375
0.04841780662536621
0.06530451774597168
0.06555461883544922
0.050652265548706055
0.053217172622680664
0.047213077545166016
0.09311485290527344
0.06711459159851074
0.08270907402038574
0.0661160945892334
0.06471824645996094
0.07624197006225586
0.06922459602355957
0.07898092269897461
0.046730995178222656
0.06887173652648926
0.053603172302246094
0.05369448661804199
0.08513665199279785
0.055711984634399414
0.11159920692443848
0.04952192306518555
0.1450214385986328
0.11530709266662598
0.07395434379577637
0.09731817245483398
0.05849313735961914
0.06396818161010742
0.04694700241088867
0.05756402015686035
0.06802487373352051
0.050025224685668945
0.059195518493652344
0.046083927154541016
0.053826093673706055
0.04275655746459961
0.05615878105163574
0.06322908401489258
0.05275869369506836
0.05550432205200195
0.04213380813598633
0.05957198143005371
0.042429447174072266
0.0556337833404541
0.07240772247314453
0.053238868713378906
0.08372712135314941
0.05835413932800293
0.06057572364807129
0.08985066413879395
0.0797264575958252
0.04696536064147949
0.044997215270996094
0.05067610740661621
0.050402164459228516
0.07758927345275879
0.051531076431274414
0.0677804946899414
0.04694986343383789
0.05946993827819824
0.04906916618347168
0.06624674797058105
0.06149172782897949
0.04555392265319824
0.05706596374511719
0.046689510345458984
0.05920076370239258
0.04748058319091797
0.09458088874816895
0.05063343048095703
0.04957699775695801
0.06172490119934082
0.04591059684753418
0.060701608657836914
0.07919430732727051
0.06913256645202637
0.04939746856689453
0.062456607818603516
0.05306124687194824
0.0446014404296875
0.06711602210998535
0.07970190048217773
0.06358957290649414
0.04607844352722168
0.05942225456237793
0.04517245292663574
0.06012320518493652
0.06962180137634277
0.05351996421813965
0.05451154708862305
0.045832157135009766
0.058789968490600586
0.05085158348083496
0.06471014022827148
0.07076096534729004
0.06594586372375488
0.05020880699157715
0.061057090759277344
0.05461621284484863
0.0595545768737793
0.08267974853515625
0.05768585205078125
0.06009960174560547
0.05065011978149414
0.06340956687927246
0.04845595359802246
0.08547282218933105
0.05576729774475098
0.06465768814086914
0.0485386848449707
0.0682828426361084
0.0540463924407959
0.08468794822692871
0.07738900184631348
0.05104255676269531
0.0619504451751709
0.051711082458496094
0.0551457405090332
0.07716655731201172
0.06788778305053711
0.05570816993713379
0.061516761779785156
0.05140805244445801
0.06616044044494629
0.07611584663391113
0.06944131851196289
0.049239158630371094
0.04602622985839844
0.05434226989746094
0.04677438735961914
0.06800293922424316
0.06597137451171875
0.06572151184082031
0.051087141036987305
0.06511616706848145
0.04821133613586426
0.07388472557067871
0.06046128273010254
0.07436871528625488
0.05944657325744629
0.06533241271972656
0.056120872497558594
0.09969830513000488
0.05586862564086914
0.06880784034729004
0.04916810989379883
0.04836869239807129
0.05565285682678223
0.06853842735290527
0.06910872459411621
0.05435919761657715
0.06316471099853516
0.0505831241607666
0.05748295783996582
0.06517171859741211
0.07952213287353516
0.058647871017456055
0.06379818916320801
0.05032825469970703
0.059053897857666016
0.05190110206604004
0.07804679870605469
0.05613851547241211
0.06171298027038574
0.06166553497314453
0.060857295989990234
0.06487512588500977
0.07786965370178223
0.07297968864440918
0.06929898262023926
0.05424857139587402
0.06987190246582031
0.07149696350097656
0.1211237907409668
0.07418417930603027
0.07977938652038574
0.12744498252868652
0.09079194068908691
0.1090235710144043
0.08156132698059082
0.0917966365814209
0.057505130767822266
0.06798362731933594
0.0529026985168457
0.0637204647064209
0.05732083320617676
0.0810239315032959
0.053780555725097656
0.06755852699279785
0.05201458930969238
0.06073427200317383
0.05777263641357422
0.07839775085449219
0.06878018379211426
0.05213499069213867
0.06417489051818848
0.051467180252075195
0.05338001251220703
0.08809900283813477
0.07129383087158203
0.05349588394165039
0.0671231746673584
0.05418992042541504
0.0843498706817627
0.07188153266906738
0.06956911087036133
0.05077934265136719
0.06497573852539062
0.05155515670776367
0.11107397079467773
0.06067347526550293
0.0673067569732666
0.051850318908691406
0.07356452941894531
0.05299115180969238
0.09563088417053223
0.05426979064941406
0.06615781784057617
0.056877851486206055
0.06469058990478516
0.05426311492919922
0.08596038818359375
0.05993032455444336
0.06551551818847656
0.05649876594543457
0.0639336109161377
0.05137467384338379
0.0942990779876709
0.05631589889526367
0.0677039623260498
0.054175376892089844
0.0632016658782959
0.055695295333862305
0.09462547302246094
0.06091928482055664
0.06777572631835938
0.05378103256225586
0.06367707252502441
0.06265091896057129
0.09653711318969727
0.05852818489074707
0.08353137969970703
0.05813765525817871
0.08800792694091797
0.08249688148498535
0.06733345985412598
0.06388282775878906
0.07043647766113281
0.06496047973632812
0.10442757606506348
0.0656280517578125
0.07093620300292969
0.06072568893432617
0.06675171852111816
0.10200142860412598
0.058313846588134766
0.07621502876281738
0.05432438850402832
0.07813477516174316
0.07829046249389648
0.09262919425964355
0.05804181098937988
0.07820653915405273
0.06041574478149414
0.08705568313598633
0.07957029342651367
0.08444523811340332
0.05656147003173828
0.0668480396270752
0.05462980270385742
0.09879636764526367
0.0642402172088623
0.0725860595703125
0.0717458724975586
0.05687284469604492
0.09926247596740723
0.0642402172088623
0.07192707061767578
0.057242393493652344
0.06932425498962402
0.0770423412322998
0.09147071838378906
0.058049678802490234
0.0696861743927002
0.05774068832397461
0.07551193237304688
0.07640480995178223
0.08947491645812988
0.06696844100952148
0.07848501205444336
0.1124718189239502
0.07555055618286133
0.07665729522705078
0.06467676162719727
0.0679621696472168
0.06422138214111328
0.08850312232971191
0.06041073799133301
0.0669260025024414
0.061017751693725586
0.074249267578125
0.07595968246459961
0.07072973251342773
0.07492184638977051
0.051058053970336914
0.06535148620605469
0.05955648422241211
0.08193278312683105
0.05279040336608887
0.06689143180847168
0.05278968811035156
0.06585359573364258
0.0732569694519043
0.0770111083984375
0.07044744491577148
0.05202221870422363
0.0690619945526123
0.05024361610412598
0.06720972061157227
0.06812477111816406
0.07297825813293457
0.05342817306518555
0.06838750839233398
0.055100440979003906
0.0780642032623291
0.08596611022949219
0.05374765396118164
0.06655001640319824
0.05552816390991211
0.06467962265014648
0.08403778076171875
0.07383990287780762
0.055233001708984375
0.06424093246459961
0.07301688194274902
0.05153226852416992
0.10935091972351074
0.05854439735412598
0.0657961368560791
0.056160688400268555
0.06904292106628418
0.054479360580444336
0.08791136741638184
0.07693648338317871
0.05735898017883301
0.06782937049865723
0.05210614204406738
0.09774327278137207
0.06904458999633789
0.07424736022949219
0.054508209228515625
0.06575655937194824
0.07379364967346191
0.06757402420043945
0.07533979415893555
0.05312609672546387
0.06858682632446289
0.05654788017272949
0.08684968948364258
0.08159399032592773
0.07120251655578613
0.07524800300598145
0.05568814277648926
0.08714175224304199
0.06779313087463379
0.0741736888885498
0.05877828598022461
0.06626558303833008
0.06979918479919434
0.0854043960571289
0.08047604560852051
0.06074714660644531
0.07000613212585449
0.053176164627075195
0.06962180137634277
0.09711551666259766
0.06550240516662598
0.07761144638061523
0.06672382354736328
0.0964498519897461
0.07257437705993652
0.07912039756774902
0.07663464546203613
0.06301283836364746
0.07789778709411621
0.07290029525756836
0.07555818557739258
0.06249737739562988
0.07671499252319336
0.11470413208007812
0.07120680809020996
0.07996582984924316
0.06609296798706055
0.07677388191223145
0.06789445877075195
0.08192825317382812
0.07746076583862305
0.06104135513305664
0.0742182731628418
0.08493399620056152
0.07654833793640137
0.060472726821899414
0.07120990753173828
0.07420659065246582
0.09793567657470703
0.075225830078125
0.06236577033996582
0.07161068916320801
0.07981657981872559
0.08659195899963379
0.07816147804260254
0.05997776985168457
0.06928181648254395
0.05902385711669922
0.09348654747009277
0.08643317222595215
0.05863022804260254
0.08017659187316895
0.05942416191101074
0.0790104866027832
0.08867311477661133
0.06335783004760742
0.07198452949523926
0.06016230583190918
0.07128071784973145
0.10135316848754883
0.0596616268157959
0.07572579383850098
0.056151390075683594
0.07488417625427246
0.08967304229736328
0.07820010185241699
0.08005166053771973
0.06041526794433594
0.0773005485534668
0.07335686683654785
0.07657408714294434
0.07647347450256348
0.05826282501220703
0.07640957832336426
0.07146668434143066
0.07718563079833984
0.07433867454528809
0.05888700485229492
0.07380986213684082
0.07311415672302246
0.08398580551147461
0.08086657524108887
0.07029986381530762
0.08060383796691895
0.08228564262390137
0.08743739128112793
0.07330727577209473
0.06253433227539062
0.07007646560668945
0.1153559684753418
0.0663001537322998
0.07970356941223145
0.06732773780822754
0.07930135726928711
0.1230165958404541
0.0659487247467041
0.07758426666259766
0.06404900550842285
0.0730888843536377
0.11207938194274902
0.08516836166381836
0.14716124534606934
0.12483525276184082
0.1339704990386963
0.15142345428466797
0.10525012016296387
0.15294694900512695
0.08345675468444824
0.08870053291320801
0.09330868721008301
0.07591533660888672
0.08400177955627441
0.06412410736083984
0.07489514350891113
0.11315298080444336
0.06955122947692871
0.07578110694885254
0.08149528503417969
0.058516740798950195
0.08234667778015137
0.07287025451660156
0.09945464134216309
0.08585858345031738
0.0636141300201416
0.10687780380249023
0.09116840362548828
0.09968137741088867
0.08021402359008789
0.07529282569885254
0.08106064796447754
0.0793161392211914
0.06202530860900879
0.07730674743652344
0.09671401977539062
0.07682466506958008
0.08034086227416992
0.06135249137878418
0.07448768615722656
0.1103971004486084
0.07254338264465332
0.07778573036193848
0.06273412704467773
0.07301139831542969
0.13421297073364258
0.07823657989501953
0.07851147651672363
0.07965445518493652
0.06962275505065918
0.10488772392272949
0.06945490837097168
0.07941889762878418
0.08216381072998047
0.06545829772949219
0.08384585380554199
0.07833981513977051
0.06430268287658691
0.07558369636535645
0.080780029296875
0.08748197555541992
0.07998204231262207
0.06452083587646484
0.07465529441833496
0.08468031883239746
0.08357763290405273
0.0803520679473877
0.06793785095214844
0.07169699668884277
0.08538103103637695
0.0708475112915039
0.07705998420715332
0.07768034934997559
0.060338735580444336
0.0751645565032959
0.09474682807922363
0.06653833389282227
0.08020472526550293
0.06051445007324219
0.08640456199645996
0.08793115615844727
0.06598258018493652
0.07278108596801758
0.08560538291931152
0.0671224594116211
0.09564757347106934
0.08420872688293457
0.062304019927978516
0.0735478401184082
0.10313963890075684
0.07371902465820312
0.08290481567382812
0.0673670768737793
0.07421088218688965
0.08263492584228516
0.06858134269714355
0.07291698455810547
0.08296418190002441
0.05962538719177246
0.09487390518188477
0.08950161933898926
0.06480073928833008
0.0762481689453125
0.08705520629882812
0.06275558471679688
0.08174896240234375
0.08713984489440918
0.06123208999633789
0.07538127899169922
0.09270787239074707
0.07759284973144531
0.07731223106384277
0.05915045738220215
0.07029342651367188
0.10653328895568848
0.0676109790802002
0.07555651664733887
0.08178210258483887
0.0599970817565918
0.10180473327636719
0.08345699310302734
0.06573939323425293
0.0746603012084961
0.0823061466217041
0.09541702270507812
0.08430266380310059
0.08980727195739746
0.06348109245300293
0.09909796714782715
0.08966541290283203
0.0666506290435791
0.0789337158203125
0.08403253555297852
0.06474494934082031
0.0858619213104248
0.08260536193847656
0.06430506706237793
0.07639074325561523
0.10646629333496094
0.06572651863098145
0.08285951614379883
0.06265711784362793
0.08440923690795898
0.11223387718200684
0.06888961791992188
0.07508373260498047
0.1190035343170166
0.11409878730773926
0.07053756713867188
0.07968306541442871
0.08820605278015137
0.0612640380859375
0.09129500389099121
0.08768177032470703
0.06597089767456055
0.0780484676361084
0.089599609375
0.09180164337158203
0.08850216865539551
0.08544588088989258
0.06349563598632812
0.1009676456451416
0.09140491485595703
0.06264019012451172
0.08820939064025879
0.08232378959655762
0.07045650482177734
0.08232760429382324
0.08422446250915527
0.06270003318786621
0.07866239547729492
0.11088037490844727
0.07343244552612305
0.08191823959350586
0.08598852157592773
0.06171536445617676
0.12802577018737793
0.08311033248901367
0.0667116641998291
0.08189201354980469
0.10425901412963867
0.07314229011535645
0.08451485633850098
0.08054828643798828
0.0669548511505127
0.09061670303344727
0.09415769577026367
0.06692123413085938
0.08025217056274414
0.08547043800354004
0.0975496768951416
0.07054591178894043
0.0854330062866211
0.0817716121673584
0.06465983390808105
0.09918475151062012
0.09250187873840332
0.06467890739440918
0.08359074592590332
0.08083248138427734
0.09444761276245117
0.0845634937286377
0.08390426635742188
0.06778836250305176
0.0758965015411377
0.1128702163696289
0.0908045768737793
0.0653529167175293
0.07978391647338867
0.10783076286315918
0.07433295249938965
0.07986307144165039
0.08624887466430664
0.06443524360656738
0.08741927146911621
0.0861353874206543
0.06695938110351562
0.07354450225830078
0.08400416374206543
0.11397814750671387
0.07153725624084473
0.08223485946655273
0.08734488487243652
0.06454110145568848
0.1003873348236084
0.08508634567260742
0.06519436836242676
0.0766909122467041
0.10476088523864746
0.07328295707702637
0.0857686996459961
0.07990384101867676
0.08695626258850098
0.0730440616607666
0.0869593620300293
0.08098459243774414
0.06919646263122559
0.08569025993347168
0.10765767097473145
0.08885574340820312
0.06534218788146973
0.08106446266174316
0.11424088478088379
0.0747377872467041
0.08225202560424805
0.08254551887512207
0.06872916221618652
0.08584952354431152
0.08685946464538574
0.08365678787231445
0.06623387336730957
0.08328962326049805
0.10615992546081543
0.07090401649475098
0.07965230941772461
0.07968783378601074
0.09377694129943848
0.07170510292053223
0.08469486236572266
0.09028124809265137
0.07080650329589844
0.11941361427307129
0.08684372901916504
0.08645105361938477
0.06710982322692871
0.08445143699645996
0.09319758415222168
0.06617856025695801
0.08182215690612793
0.0826253890991211
0.1150062084197998
0.07409381866455078
0.08997559547424316
0.0846261978149414
0.06829404830932617
0.10015606880187988
0.09016609191894531
0.08916735649108887
0.06843209266662598
0.08904695510864258
0.09001445770263672
0.06603431701660156
0.08117437362670898
0.08132243156433105
0.12844038009643555
0.07238435745239258
0.08637022972106934
0.08446979522705078
0.12348771095275879
0.0754549503326416
0.08800673484802246
0.0858907699584961
0.06899738311767578
0.09183835983276367
0.08979225158691406
0.08758544921875
0.06789183616638184
0.08918094635009766
0.10061764717102051
0.06708765029907227
0.08659243583679199
0.08002948760986328
0.09613752365112305
0.07395505905151367
0.08263659477233887
0.08319830894470215
0.09022784233093262
0.09872174263000488
0.09242081642150879
0.0844426155090332
0.09424567222595215
0.07360124588012695
0.0909571647644043
0.08568239212036133
0.07075166702270508
0.08651614189147949
0.11848926544189453
0.09019947052001953
0.06948375701904297
0.0780642032623291
0.09561491012573242
0.09008669853210449
0.06853914260864258
0.0852975845336914
0.09595251083374023
0.11536264419555664
0.07179784774780273
0.08320426940917969
0.08874297142028809
0.10687661170959473
0.07650327682495117
0.09406113624572754
0.0960850715637207
0.12106037139892578
0.10452151298522949
0.09296274185180664
0.1173703670501709
0.09667348861694336
0.09429574012756348
0.09392499923706055
0.10783123970031738
0.08910608291625977
0.0966184139251709
0.09195399284362793
0.0981440544128418
0.10148763656616211
0.09447336196899414
0.09367251396179199
0.10967111587524414
0.0825493335723877
0.10015296936035156
0.09479975700378418
0.09949898719787598
0.11393284797668457
0.07444190979003906
0.0871889591217041
0.09507608413696289
0.11415243148803711
0.07729840278625488
0.09105372428894043
0.09694838523864746
0.10518646240234375
0.07518315315246582
0.0854177474975586
0.0896604061126709
0.09928226470947266
0.07596135139465332
0.08658742904663086
0.09061884880065918
0.12915396690368652
0.07957649230957031
0.09314370155334473
0.08973813056945801
0.09269857406616211
0.08673977851867676
0.08428049087524414
0.08818244934082031
0.09004807472229004
0.08385658264160156
0.08487391471862793
0.0928797721862793
0.09421515464782715
0.08709454536437988
0.10418963432312012
0.0877525806427002
0.08836913108825684
0.07192802429199219
0.08905148506164551
0.09035611152648926
0.0910959243774414
0.09453320503234863
0.08157587051391602
0.09554481506347656
0.09159016609191895
0.09750819206237793
0.07105517387390137
0.10905098915100098
0.08735895156860352
0.09290480613708496
0.0725107192993164
0.10152530670166016
0.08767580986022949
0.09044837951660156
0.0913386344909668
0.08153772354125977
0.09130454063415527
0.09073710441589355
0.09188413619995117
0.09099316596984863
0.10755372047424316
0.09173417091369629
0.09126996994018555
0.09774470329284668
0.07715392112731934
0.09010815620422363
0.08773350715637207
0.09513688087463379
0.07995843887329102
0.0931081771850586
0.09234046936035156
0.0981292724609375
0.08682084083557129
0.10023331642150879
0.09142684936523438
0.09044551849365234
0.09686923027038574
0.08866667747497559
0.09670090675354004
0.11703372001647949
0.12030410766601562
0.11288046836853027
0.0780642032623291
0.09528112411499023
0.1061546802520752
0.10676217079162598
0.07737874984741211
0.09006762504577637
0.10304522514343262
0.10888147354125977
0.09909892082214355
0.07915782928466797
0.0938262939453125
0.10970115661621094
0.09432101249694824
0.09819817543029785
0.07271218299865723
0.10821914672851562
0.09182310104370117
0.1006779670715332
0.07497930526733398
0.10465002059936523
0.09032368659973145
0.09234404563903809
0.10362505912780762
0.08673334121704102
0.10137796401977539
0.09048724174499512
0.09563136100769043
0.10931563377380371
0.07366228103637695
0.09406614303588867
0.08962082862854004
0.10324835777282715
0.09545254707336426
0.07473611831665039
0.08676290512084961
0.12350630760192871
0.0979917049407959
0.09768533706665039
0.0785372257232666
0.09214282035827637
0.10490965843200684
0.09536218643188477
0.09401583671569824
0.08468866348266602
0.10087203979492188
0.09526443481445312
0.09320211410522461
0.09989309310913086
0.08177328109741211
0.09006881713867188
0.09212708473205566
0.0970003604888916
0.10970020294189453
0.07461333274841309
0.08777141571044922
0.09353017807006836
0.10055947303771973
0.1022796630859375
0.07560944557189941
0.08787751197814941
0.10434627532958984
0.10297465324401855
0.09590578079223633
0.07462716102600098
0.10870504379272461
0.10412073135375977
0.0952310562133789
0.10035920143127441
0.10541129112243652
0.08791518211364746
0.0931708812713623
0.09343981742858887
0.10292720794677734
0.1093759536743164
0.07625174522399902
0.09051728248596191
0.10580325126647949
0.09781622886657715
0.10885357856750488
0.07611370086669922
0.09888529777526855
0.09808659553527832
0.10438084602355957
0.09876441955566406
0.11070394515991211
0.07567930221557617
0.08986330032348633
0.09628725051879883
0.12374997138977051
0.10942411422729492
0.08336496353149414
0.08948516845703125
0.09484338760375977
0.1061868667602539
0.09636163711547852
0.10533571243286133
0.08094644546508789
0.09798240661621094
0.09207653999328613
0.09645366668701172
0.10517191886901855
0.08619451522827148
0.08943295478820801
0.09457683563232422
0.09665274620056152
0.10251045227050781
0.10580253601074219
0.08088326454162598
0.09027862548828125
0.10572004318237305
0.10005831718444824
0.10296344757080078
0.10325098037719727
0.08869194984436035
0.08989167213439941
0.0959024429321289
0.10753917694091797
0.10575532913208008
0.1049489974975586
0.07689690589904785
0.0914924144744873
0.1072533130645752
0.09621310234069824
0.09568643569946289
0.10965299606323242
0.08145689964294434
0.09712433815002441
0.09167718887329102
0.10013747215270996
0.1063547134399414
0.10626983642578125
0.08394718170166016
0.09922456741333008
0.09980988502502441
0.09473276138305664
0.09593343734741211
0.10941600799560547
0.08133721351623535
0.09957528114318848
0.09499549865722656
0.10181164741516113
0.09839034080505371
0.10755014419555664
0.07811331748962402
0.09869670867919922
0.09833478927612305
0.09761261940002441
0.09724020957946777
0.11489558219909668
0.10113334655761719
0.08136534690856934
0.09418106079101562
0.1143794059753418
0.10406994819641113
0.09982490539550781
0.10212898254394531
0.09158205986022949
0.10459518432617188
0.09831738471984863
0.10223221778869629
0.10988426208496094
0.10025453567504883
0.10805368423461914
0.08542323112487793
0.12083220481872559
0.11501693725585938
0.09963488578796387
0.11614990234375
0.10663628578186035
0.07756948471069336
0.0975492000579834
0.10138320922851562
0.10768604278564453
0.10086846351623535
0.11067986488342285
0.10340738296508789
0.08067512512207031
0.12318968772888184
0.13004374504089355
0.09729743003845215
0.10345840454101562
0.10163116455078125
0.12000632286071777
0.08260631561279297
0.10326933860778809
0.1045832633972168
0.11214423179626465
0.09787368774414062
0.10285496711730957
0.1167914867401123
0.08164620399475098
0.09738397598266602
0.10338830947875977
0.10896492004394531
0.10004734992980957
0.10350799560546875
0.10577964782714844
0.11621761322021484
0.08122539520263672
0.09896278381347656
0.10283064842224121
0.13981199264526367
0.131483793258667
0.1092681884765625
0.12396240234375
0.08779263496398926
0.10121917724609375
0.10051727294921875
0.11688470840454102
0.10436248779296875
0.10289645195007324
0.10512852668762207
0.11423921585083008
0.0781099796295166
0.09731483459472656
0.10582971572875977
0.10858726501464844
0.09892535209655762
0.10781669616699219
0.12346053123474121
0.08185577392578125
0.10000419616699219
0.10785126686096191
0.11894941329956055
0.10257792472839355
0.10360002517700195
0.1173090934753418
0.10833024978637695
0.08013463020324707
0.10101532936096191
0.10626935958862305
0.0992574691772461
0.10436129570007324
0.09953832626342773
0.1284022331237793
0.10641074180603027
0.08180546760559082
0.09641599655151367
0.1097571849822998
0.09660553932189941
0.10586261749267578
0.1018972396850586
0.11168336868286133
0.10352134704589844
0.11031579971313477
0.08334875106811523
0.11578249931335449
0.10065841674804688
0.10385441780090332
0.1036226749420166
0.11508750915527344
0.10696721076965332
0.11101961135864258
0.11447882652282715
0.08707976341247559
0.10024762153625488
0.10271835327148438
0.10453653335571289
0.10772085189819336
0.10878396034240723
0.11788749694824219
0.11145830154418945
0.11136007308959961
0.0810854434967041
0.1046454906463623
0.1087653636932373
0.10122251510620117
0.099578857421875
0.11402082443237305
0.10370731353759766
0.10774707794189453
0.1130068302154541
0.09201431274414062
0.09779000282287598
0.10082602500915527
0.10827040672302246
0.1126255989074707
0.10072827339172363
0.10851025581359863
0.10918307304382324
0.11377096176147461
0.10957574844360352
0.08272576332092285
0.11027002334594727
0.10493040084838867
0.10081958770751953
0.10862135887145996
0.11481523513793945
0.10847878456115723
0.11067414283752441
0.11635851860046387
0.0922861099243164
0.0991060733795166
0.10010981559753418
0.12059926986694336
0.10569477081298828
0.10247445106506348
0.10127830505371094
0.13791203498840332
0.1088404655456543
0.11385941505432129
0.11115741729736328
0.08863997459411621
0.09927845001220703
0.10296010971069336
0.10913920402526855
0.10556197166442871
0.10762715339660645
0.10721898078918457
0.11677694320678711
0.12297511100769043
0.13026905059814453
0.12079310417175293
0.0856010913848877
0.1031186580657959
0.11301088333129883
0.15880584716796875
0.10615038871765137
0.1049337387084961
0.11659836769104004
0.11054301261901855
0.11326313018798828
0.11249542236328125
0.12534284591674805
0.09371781349182129
0.1002202033996582
0.11250615119934082
0.10268092155456543
0.11013484001159668
0.10233354568481445
0.12353324890136719
0.10804295539855957
0.11173272132873535
0.10778307914733887
0.12727594375610352
0.11127185821533203
0.12516403198242188
0.08964276313781738
0.1029977798461914
0.1013176441192627
0.1097252368927002
0.11438965797424316
0.11231350898742676
0.10341238975524902
0.11564326286315918
0.11044812202453613
0.11686420440673828
0.11242365837097168
0.12627243995666504
0.11377501487731934
0.08903694152832031
0.10209298133850098
0.10909652709960938
0.10498952865600586
0.11481451988220215
0.12374210357666016
0.14067649841308594
0.13784551620483398
0.12064862251281738
0.10814332962036133
0.11284589767456055
0.12010002136230469
0.12100362777709961
0.11223769187927246
0.09102201461791992
0.11830282211303711
0.10673666000366211
0.1062629222869873
0.1235206127166748
0.10859870910644531
0.10900115966796875
0.1069936752319336
0.12461328506469727
0.10968804359436035
0.11534690856933594
0.11924934387207031
0.12029886245727539
0.11202335357666016
0.12897562980651855
0.08910441398620605
0.10499358177185059
0.10587239265441895
0.11753392219543457
0.1079413890838623
0.12019658088684082
0.1104285717010498
0.12272047996520996
0.1094505786895752
0.10902547836303711
0.13507461547851562
0.11012887954711914
0.10841226577758789
0.11806368827819824
0.11432051658630371
0.11093926429748535
0.11822867393493652
0.11626315116882324
0.0854957103729248
0.10188913345336914
0.1124122142791748
0.10717558860778809
0.10443949699401855
0.10706853866577148
0.11641120910644531
0.10316586494445801
0.10766291618347168
0.11210918426513672
0.1200873851776123
0.11704063415527344
0.11462211608886719
0.138075590133667
0.11985325813293457
0.12028646469116211
0.13033437728881836
0.1246328353881836
0.13849115371704102
0.10369610786437988
0.10772299766540527
0.11675524711608887
0.11101245880126953
0.15604305267333984
0.12078666687011719
0.11472702026367188
0.11454367637634277
0.1136465072631836
0.1141364574432373
0.13124799728393555
0.10843777656555176
0.12421703338623047
0.12512421607971191
0.11999344825744629
0.10993313789367676
0.12284517288208008
0.1224520206451416
0.12057256698608398
0.12230777740478516
0.12975597381591797
0.11695623397827148
0.1211099624633789
0.12897729873657227
0.09131979942321777
0.10779643058776855
0.17921996116638184
0.13780570030212402
0.11648249626159668
0.1115407943725586
0.1146080493927002
0.10670089721679688
0.1152791976928711
0.11787819862365723
0.11743783950805664
0.10802745819091797
0.12786006927490234
0.11029577255249023
0.11312437057495117
0.11531949043273926
0.11854147911071777
0.11020636558532715
0.11939239501953125
0.13434290885925293
0.15061187744140625
0.12300562858581543
0.1269521713256836
0.1151723861694336
0.12151837348937988
0.1281132698059082
0.11841082572937012
0.11510062217712402
0.13857698440551758
0.11661720275878906
0.1226508617401123
0.12464499473571777
0.1204824447631836
0.12410569190979004
0.13563299179077148
0.1277928352355957
0.09384465217590332
0.1079261302947998
0.11872577667236328
0.11803293228149414
0.11463594436645508
0.11811590194702148
0.11336994171142578
0.11864709854125977
0.1146392822265625
0.11055970191955566
0.1155085563659668
0.11063838005065918
0.13275837898254395
0.10803079605102539
0.11191725730895996
0.12951278686523438
0.11117172241210938
0.1118617057800293
0.12389922142028809
0.1541581153869629
0.09411001205444336
0.12163615226745605
0.17609119415283203
0.09154272079467773
0.11268854141235352
0.14666056632995605
0.09516048431396484
0.10492157936096191
0.14420247077941895
0.10354351997375488
0.11262679100036621
0.1575453281402588
0.09788846969604492
0.11205482482910156
0.14507412910461426
0.10558772087097168
0.143751859664917
0.0903177261352539
0.15888357162475586
0.12037372589111328
0.09493184089660645
0.1413271427154541
0.12732172012329102
0.0907125473022461
0.14981746673583984
0.12623381614685059
0.09682273864746094
0.13910245895385742
0.14606046676635742
0.09052324295043945
0.14423108100891113
0.1388843059539795
0.09692716598510742
0.13874459266662598
0.1332566738128662
0.12344002723693848
0.13249564170837402
0.13577580451965332
0.13449859619140625
0.12488317489624023
0.14092087745666504
0.13093018531799316
0.1324751377105713
0.13926982879638672
0.13105487823486328
0.1285569667816162
0.1413583755493164
0.1255638599395752
0.13884282112121582
0.14178037643432617
0.129807710647583
0.12313127517700195
0.15187883377075195
0.12385129928588867
0.13039541244506836
0.15368413925170898
0.1262664794921875
0.12727594375610352
0.1403675079345703
0.1356644630432129
0.13071727752685547
0.13526344299316406
0.1360318660736084
0.16144204139709473
0.12941503524780273
0.12075114250183105
0.13770246505737305
0.12367749214172363
0.13053107261657715
0.12483453750610352
0.13643932342529297
0.1301877498626709
0.13071846961975098
0.12328886985778809
0.12427401542663574
0.12601470947265625
0.13945436477661133
0.13250374794006348
0.13031291961669922
0.1276869773864746
0.12641215324401855
0.12428426742553711
0.14262795448303223
0.1198890209197998
0.12572669982910156
0.13330483436584473
0.1224675178527832
0.12282752990722656
0.13739705085754395
0.11735796928405762
0.12127017974853516
0.13718914985656738
0.16154956817626953
0.1395101547241211
0.13399243354797363
0.15499186515808105
0.1360621452331543
0.15809226036071777
0.16303205490112305
0.14795851707458496
0.12562036514282227
0.1503760814666748
0.14981603622436523
0.14324474334716797
0.17505121231079102
0.1250286102294922
0.13399481773376465
0.15039539337158203
0.1322629451751709
0.15354514122009277
0.18312597274780273
0.15337634086608887
0.15819025039672852
0.13634681701660156
0.16408801078796387
0.26026248931884766
0.2430405616760254
0.18091917037963867
0.21976828575134277
0.16902661323547363
0.1399526596069336
0.1543445587158203
0.14945435523986816
0.24239516258239746
0.14746713638305664
0.15135860443115234
0.18442368507385254
0.13386774063110352
0.13107013702392578
0.13269925117492676
0.15638399124145508
0.15180659294128418
0.13651013374328613
0.12127947807312012
0.13894081115722656
0.13557004928588867
0.1459200382232666
0.17680978775024414
0.17277097702026367
0.15302610397338867
0.139939546585083
0.13415980339050293
0.15234065055847168
0.12773370742797852
0.14109396934509277
0.13750791549682617
0.13142752647399902
0.13274741172790527
0.13638544082641602
0.12636017799377441
0.12804222106933594
0.12612271308898926
0.12336492538452148
0.12496185302734375
0.14052700996398926
0.1298058032989502
0.13578033447265625
0.15521812438964844
0.12508320808410645
0.13748478889465332
0.18512487411499023
0.12577199935913086
0.13771748542785645
0.13318371772766113
0.16413640975952148
0.1320641040802002
0.12782931327819824
0.13222336769104004
0.13888263702392578
0.1285555362701416
0.13176512718200684
0.13225150108337402
0.12293791770935059
0.1186366081237793
0.12469959259033203
0.14770150184631348
0.1285851001739502
0.12357211112976074
0.11455297470092773
0.1404738426208496
0.18106293678283691
0.17354822158813477
0.20661091804504395
0.15180635452270508
0.13593816757202148
0.13285112380981445
0.12682890892028809
0.12732338905334473
0.14079046249389648
0.1507272720336914
0.15417122840881348
0.15130853652954102
0.14315438270568848
0.1367475986480713
0.22754526138305664
0.21124482154846191
0.16737151145935059
0.1618053913116455
0.2418663501739502
0.17534685134887695
0.17960333824157715
0.1443490982055664
0.13289546966552734
0.12448310852050781
0.1340937614440918
0.13829755783081055
0.1360914707183838
0.16791725158691406
0.20337581634521484
0.1717395782470703
0.15599513053894043
0.13860559463500977
0.13825345039367676
0.13756537437438965
0.12112045288085938
0.12374448776245117
0.1418464183807373
0.12658214569091797
0.12880229949951172
0.13196134567260742
0.11792278289794922
0.1213688850402832
0.11634516716003418
0.16040897369384766
0.12859582901000977
0.14499950408935547
0.12862944602966309
0.13077855110168457
0.1329669952392578
0.12691354751586914
0.1342759132385254
0.14116525650024414
0.1291048526763916
0.11863231658935547
0.13060736656188965
0.11856603622436523
0.1635608673095703
0.14212298393249512
0.13490629196166992
0.1241307258605957
0.13448071479797363
0.12335920333862305
0.12469696998596191
0.15378499031066895
0.11880230903625488
0.11818337440490723
0.11654067039489746
0.12596559524536133
0.14583086967468262
0.13041424751281738
0.13429737091064453
0.12524795532226562
0.12370920181274414
0.1326146125793457
0.12451004981994629
0.12876296043395996
0.12971186637878418
0.11915135383605957
0.11538290977478027
0.16717839241027832
0.13599729537963867
0.13590574264526367
0.13896989822387695
0.12456250190734863
0.12263011932373047
0.14084744453430176
0.12028646469116211
0.12663722038269043
0.12716341018676758
0.1275806427001953
0.14765238761901855
0.14377713203430176
0.1269989013671875
0.13385725021362305
0.1304612159729004
0.13109660148620605
0.12144279479980469
0.13022375106811523
0.128098726272583
0.12225031852722168
0.15313386917114258
0.135728120803833
0.1309206485748291
0.1379070281982422
0.13619422912597656
0.13595819473266602
0.12622356414794922
0.12746047973632812
0.12050819396972656
0.12770700454711914
0.1568765640258789
0.13980793952941895
0.13466763496398926
0.13805699348449707
0.12395548820495605
0.1369948387145996
0.12250638008117676
0.12628650665283203
0.13117313385009766
0.15901851654052734
0.13120746612548828
0.14812707901000977
0.1383664608001709
0.13515090942382812
0.1323106288909912
0.13333749771118164
0.12264370918273926
0.1315445899963379
0.12014555931091309
0.16008758544921875
0.13722753524780273
0.1380620002746582
0.1305224895477295
0.13884878158569336
0.12391543388366699
0.13200974464416504
0.12763524055480957
0.1607198715209961
0.13139629364013672
0.1418604850769043
0.12749838829040527
0.1336042881011963
0.13846445083618164
0.12851190567016602
0.1253817081451416
0.14224004745483398
0.1787409782409668
0.4098365306854248
0.13258862495422363
0.15261554718017578
0.1265552043914795
0.1371159553527832
0.13427090644836426
0.12734055519104004
0.15582799911499023
0.1437394618988037
0.13305044174194336
0.13676214218139648
0.1361527442932129
0.13338065147399902
0.12514138221740723
0.13991284370422363
0.15438055992126465
0.14367389678955078
0.13046741485595703
0.13730812072753906
0.13199687004089355
0.13816165924072266
0.12667179107666016
0.12650251388549805
0.16684198379516602
0.1416182518005371
0.14364218711853027
0.13741827011108398
0.12876534461975098
0.14298033714294434
0.12744903564453125
0.12671613693237305
0.16205954551696777
0.138319730758667
0.13130474090576172
0.14716386795043945
0.12873291969299316
0.1321730613708496
0.13054633140563965
0.1286308765411377
0.15540099143981934
0.14391589164733887
0.13475275039672852
0.13405275344848633
0.13999176025390625
0.12875986099243164
0.12687182426452637
0.17010140419006348
0.13182711601257324
0.13757967948913574
0.13760161399841309
0.15091681480407715
0.12885808944702148
0.13837909698486328
0.2118229866027832
0.15717363357543945
0.13731002807617188
0.1429896354675293
0.14818906784057617
0.1347205638885498
0.12729477882385254
0.177140474319458
0.16469120979309082
0.15064549446105957
0.14046525955200195
0.13432979583740234
0.14042901992797852
0.13482093811035156
0.15429329872131348
0.16156768798828125
0.15092706680297852
0.14237689971923828
0.13103055953979492
0.13334345817565918
0.13575458526611328
0.17827725410461426
0.13934564590454102
0.15358352661132812
0.1316509246826172
0.13404154777526855
0.13469243049621582
0.16839933395385742
0.13614463806152344
0.15431904792785645
0.1377396583557129
0.15356874465942383
0.1715226173400879
0.14294815063476562
0.17110109329223633
0.14304518699645996
0.16269779205322266
0.17070651054382324
0.13746237754821777
0.16757440567016602
0.16437530517578125
0.1566479206085205
0.17362546920776367
0.14277076721191406
0.13654375076293945
0.13334107398986816
0.1311790943145752
0.18875622749328613
0.15154075622558594
0.2626156806945801
0.1700129508972168
0.14687228202819824
0.12658381462097168
0.16355657577514648
0.14137554168701172
0.14847707748413086
0.1310558319091797
0.15131807327270508
0.12576746940612793
0.16889357566833496
0.1454911231994629
0.1431262493133545
0.13348889350891113
0.14560961723327637
0.1244516372680664
0.17153501510620117
0.1471412181854248
0.1393907070159912
0.1395876407623291
0.13519024848937988
0.13082218170166016
0.1717371940612793
0.1477813720703125
0.1416323184967041
0.140838623046875
0.13431167602539062
0.12367463111877441
0.1701977252960205
0.13492488861083984
0.14287757873535156
0.1377410888671875
0.13650226593017578
0.1635279655456543
0.1543114185333252
0.14551591873168945
0.14642858505249023
0.13754963874816895
0.13468408584594727
0.16793060302734375
0.14338922500610352
0.1401219367980957
0.1597762107849121
0.1358170509338379
0.13864898681640625
0.1672961711883545
0.1836862564086914
0.14457201957702637
0.1383216381072998
0.16623663902282715
0.18197345733642578
0.15497732162475586
0.15427565574645996
0.13548898696899414
0.1383352279663086
0.13665556907653809
0.1690683364868164
0.14059996604919434
0.1530754566192627
0.13105106353759766
0.13587331771850586
0.1774306297302246
0.14653539657592773
0.1571502685546875
0.157179594039917
0.1422407627105713
0.14667773246765137
0.16679644584655762
0.1535780429840088
0.14472222328186035
0.13833260536193848
0.1388101577758789
0.1992027759552002
0.14024591445922852
0.15312600135803223
0.1362895965576172
0.13993620872497559
0.18662691116333008
0.15032625198364258
0.18444037437438965
0.1468205451965332
0.14393115043640137
0.18926358222961426
0.21358633041381836
0.24589061737060547
0.23215794563293457
0.1432511806488037
0.1724233627319336
0.16997933387756348
0.14228272438049316
0.16805338859558105
0.1384575366973877
0.13707208633422852
0.17629480361938477
0.14520907402038574
0.14858245849609375
0.15117621421813965
0.14111876487731934
0.18545055389404297
0.13896441459655762
0.14578986167907715
0.1528475284576416
0.13907122611999512
0.1678304672241211
0.15875554084777832
0.13562393188476562
0.15120196342468262
0.1725325584411621
0.1774601936340332
0.15236496925354004
0.15062236785888672
0.15705347061157227
0.1733403205871582
0.14109373092651367
0.15723109245300293
0.1399083137512207
0.14533162117004395
0.17886996269226074
0.15121817588806152
0.16115617752075195
0.14513850212097168
0.1295328140258789
0.18876361846923828
0.1513805389404297
0.16465020179748535
0.1409289836883545
0.18738746643066406
0.16087889671325684
0.1433885097503662
0.16270995140075684
0.1398911476135254
0.17321276664733887
0.15612435340881348
0.14136004447937012
0.14870476722717285
0.1312718391418457
0.1702108383178711
0.15134310722351074
0.16131162643432617
0.13710761070251465
0.149122953414917
0.16120433807373047
0.14980721473693848
0.139695405960083
0.13808345794677734
0.17682933807373047
0.1555945873260498
0.14601898193359375
0.15300488471984863
0.13657784461975098
0.17684459686279297
0.15155243873596191
0.14745712280273438
0.15236997604370117
0.18076109886169434
0.15377259254455566
0.16412878036499023
0.13835859298706055
0.15746331214904785
0.1773848533630371
0.15952610969543457
0.15000557899475098
0.13994193077087402
0.1773364543914795
0.15708208084106445
0.1493372917175293
0.15044140815734863
0.13530921936035156
0.16805529594421387
0.14716839790344238
0.14140558242797852
0.14423298835754395
0.1775832176208496
0.14924144744873047
0.15869450569152832
0.1429457664489746
0.18840885162353516
0.14982318878173828
0.15212631225585938
0.14425873756408691
0.1372215747833252
0.1653919219970703
0.15646076202392578
0.1457533836364746
0.14527106285095215
0.16574883460998535
0.14563202857971191
0.15179014205932617
0.1478891372680664
0.17744851112365723
0.15911459922790527
0.158050537109375
0.14838409423828125
0.17960858345031738
0.14983487129211426
0.14987397193908691
0.1407487392425537
0.17253470420837402
0.15465497970581055
0.13861370086669922
0.15018510818481445
0.1695244312286377
0.14919614791870117
0.17177128791809082
0.14495277404785156
0.1346430778503418
0.16972970962524414
0.14127373695373535
0.15028715133666992
0.26375722885131836
0.5151839256286621
0.305513858795166
1.0815989971160889
0.14269328117370605
0.17052984237670898
0.14667248725891113
0.15439605712890625
0.13386058807373047
0.17511725425720215
0.1519641876220703
0.14911723136901855
0.17418265342712402
0.15224146842956543
0.15319442749023438
0.16325592994689941
0.13349032402038574
0.17290449142456055
0.17088842391967773
0.14600753784179688
0.18558263778686523
0.15384960174560547
0.14649558067321777
0.15325045585632324
0.17839288711547852
0.16242766380310059
0.14385461807250977
0.14258170127868652
0.18618106842041016
0.1548442840576172
0.14756321907043457
0.14219164848327637
0.16903400421142578
0.16115140914916992
0.14566636085510254
0.1451411247253418
0.18488001823425293
0.15210437774658203
0.15145063400268555
0.14285707473754883
0.1691441535949707
0.15649127960205078
0.1479935646057129
0.14779353141784668
0.17532730102539062
0.15334105491638184
0.15081286430358887
0.14168381690979004
0.18115520477294922
0.1586151123046875
0.13803553581237793
0.1930220127105713
0.1579132080078125
0.14992189407348633
0.1526494026184082
0.18035101890563965
0.16211843490600586
0.1609811782836914
0.14837360382080078
0.17621755599975586
0.14901256561279297
0.1534566879272461
0.1834087371826172
0.16904687881469727
0.15196895599365234
0.15892767906188965
0.18890619277954102
0.15931034088134766
0.15981626510620117
0.14741158485412598
0.17311787605285645
0.16163063049316406
0.15197443962097168
0.21954727172851562
0.14774751663208008
0.1548295021057129
0.14978456497192383
0.18500471115112305
0.1688094139099121
0.1561422348022461
0.16765761375427246
0.1808474063873291
0.15267276763916016
0.15885376930236816
0.18219876289367676
0.1689128875732422
0.15011286735534668
0.158095121383667
0.17777681350708008
0.16076326370239258
0.15648841857910156
0.17932343482971191
0.15683698654174805
0.1611015796661377
0.14760780334472656
0.1986830234527588
0.43671369552612305
0.1572434902191162
0.18230175971984863
0.1671605110168457
0.1577157974243164
0.1573495864868164
0.17501378059387207
0.16115117073059082
0.152418851852417
0.19017577171325684
0.15709352493286133
0.1524968147277832
0.15024280548095703
0.19251704216003418
0.15290236473083496
0.15573453903198242
0.17453432083129883
0.16631507873535156
0.14842724800109863
0.15605974197387695
0.1771101951599121
0.15599346160888672
0.14649510383605957
0.18694186210632324
0.15465283393859863
0.15822196006774902
0.18576550483703613
0.17589306831359863
0.15660786628723145
0.1478748321533203
0.1827106475830078
0.16058039665222168
0.15059399604797363
0.1835017204284668
0.14843440055847168
0.15243887901306152
0.182769775390625
0.1738600730895996
0.1516718864440918
0.15178799629211426
0.17487573623657227
0.15520453453063965
0.15254664421081543
0.19161224365234375
0.15520191192626953
0.1593797206878662
0.1791820526123047
0.16462349891662598
0.15228605270385742
0.15783190727233887
0.17239832878112793
0.15614819526672363
0.158583402633667
0.18790626525878906
0.16306066513061523
0.1527268886566162
0.18399906158447266
0.15801382064819336
0.15033721923828125
0.20264029502868652
0.16399693489074707
0.16807794570922852
0.1446704864501953
0.17689895629882812
0.1600487232208252
0.15393805503845215
0.19379711151123047
0.16103887557983398
0.15230298042297363
0.20656538009643555
0.15702033042907715
0.15849804878234863
0.18420982360839844
0.16839599609375
0.15081501007080078
0.19334959983825684
0.2634756565093994
0.15706920623779297
0.16647839546203613
0.18390703201293945
0.15260052680969238
0.15308642387390137
0.18807411193847656
0.161635160446167
0.14472007751464844
0.18910908699035645
0.1525423526763916
0.15543818473815918
0.18590688705444336
0.16243577003479004
0.16158843040466309
0.18982529640197754
0.16524219512939453
0.15643763542175293
0.17766666412353516
0.1594099998474121
0.15641331672668457
0.20199871063232422
0.15176033973693848
0.15644216537475586
0.1840531826019287
0.16495943069458008
0.16800856590270996
0.19135379791259766
0.16649818420410156
0.1630997657775879
0.1933426856994629
0.1580650806427002
0.1525590419769287
0.20719122886657715
0.15191340446472168
0.1642918586730957
0.19137120246887207
0.16494345664978027
0.179612398147583
0.18758630752563477
0.1628735065460205
0.24046730995178223
0.16147899627685547
0.17833280563354492
0.15741276741027832
0.19940567016601562
0.15846490859985352
0.17474651336669922
0.1931157112121582
0.17543458938598633
0.15588736534118652
0.1703202724456787
0.18816900253295898
0.15421462059020996
0.19032573699951172
0.16040825843811035
0.16274452209472656
0.18876361846923828
0.16466522216796875
0.15462493896484375
0.19068455696105957
0.1624586582183838
0.14742827415466309
0.1946699619293213
0.15346837043762207
0.15882015228271484
0.18504953384399414
0.16454219818115234
0.1606121063232422
0.19978570938110352
0.17203235626220703
0.15682458877563477
0.1912240982055664
0.15985369682312012
0.15915584564208984
0.19680118560791016
0.15619969367980957
0.17342209815979004
0.1827247142791748
0.16922378540039062
0.15957188606262207
0.18486738204956055
0.1731126308441162
0.14658236503601074
0.18456745147705078
0.15330862998962402
0.18709993362426758
0.16662025451660156
0.15619111061096191
0.19455671310424805
0.1542646884918213
0.15830540657043457
0.18398141860961914
0.15541720390319824
0.16013145446777344
0.18399953842163086
0.16189789772033691
0.2019977569580078
0.18549108505249023
0.1592121124267578
0.14799880981445312
0.18801546096801758
0.15534067153930664
0.19995641708374023
0.1603071689605713
0.15303564071655273
0.1908252239227295
0.15608477592468262
0.16005349159240723
0.18348932266235352
0.15659284591674805
0.1497964859008789
0.17660021781921387
0.18333840370178223
0.18622827529907227
0.16730570793151855
0.14978456497192383
0.18849539756774902
0.16434407234191895
0.15251445770263672
0.1965343952178955
0.16119074821472168
0.15758013725280762
0.1921553611755371
0.15107369422912598
0.19700050354003906
0.16193509101867676
0.169755220413208
0.1849071979522705
0.16645526885986328
0.1501462459564209
0.18867230415344238
0.16199851036071777
0.19475531578063965
0.16424345970153809
0.19760894775390625
0.18958139419555664
0.16074848175048828
0.1486055850982666
0.19503021240234375
0.15250658988952637
0.2067549228668213
0.1609041690826416
0.1687760353088379
0.1894679069519043
0.1679537296295166
0.1567401885986328
0.19221782684326172
0.17321276664733887
0.19967079162597656
0.16450166702270508
0.1571650505065918
0.19999337196350098
0.16663408279418945
0.15422439575195312
0.19626951217651367
0.15415382385253906
0.20351767539978027
0.15738391876220703
0.1615617275238037
0.19713401794433594
0.16388225555419922
0.16294312477111816
0.19240117073059082
0.16857528686523438
0.19745898246765137
0.174668550491333
0.1584939956665039
0.19200396537780762
0.16269278526306152
0.19488954544067383
0.172593355178833
0.16241860389709473
0.20220398902893066
0.16077542304992676
0.16973304748535156
0.18325543403625488
0.15949559211730957
0.21866822242736816
0.168104887008667
0.1615278720855713
0.192366361618042
0.16926002502441406
0.20929980278015137
0.17086005210876465
0.16201233863830566
0.1963510513305664
0.16307449340820312
0.2012791633605957
0.1779475212097168
0.1603679656982422
0.21112966537475586
0.15612387657165527
0.1642322540283203
0.18589282035827637
0.17034339904785156
0.19388079643249512
0.16323304176330566
0.15841364860534668
0.18898391723632812
0.16781973838806152
0.19661736488342285
0.15888237953186035
0.16479873657226562
0.1909804344177246
0.16184496879577637
0.1877734661102295
0.18153095245361328
0.1536850929260254
0.19643259048461914
0.15824103355407715
0.19397568702697754
0.17285847663879395
0.1574242115020752
0.19092583656311035
0.16035938262939453
0.19686579704284668
0.16213107109069824
0.15984272956848145
0.19257259368896484
0.1633157730102539
0.2072453498840332
0.1578373908996582
0.20806026458740234
0.1597578525543213
0.16260433197021484
0.18911957740783691
0.16476678848266602
0.20804667472839355
0.17022180557250977
0.16392755508422852
0.1922438144683838
0.1612412929534912
0.2030789852142334
0.1583404541015625
0.16670680046081543
0.18401718139648438
0.1714940071105957
0.19243192672729492
0.16382408142089844
0.19965505599975586
0.16620182991027832
0.16448402404785156
0.19483470916748047
0.17177319526672363
0.2031574249267578
0.16931843757629395
0.16278076171875
0.18613195419311523
0.1678323745727539
0.1948871612548828
0.17267251014709473
0.20083928108215332
0.1800673007965088
0.16111135482788086
0.20202279090881348
0.16210675239562988
0.21100902557373047
0.16821050643920898
0.16012954711914062
0.1950516700744629
0.16480112075805664
0.2038557529449463
0.1655588150024414
0.20343327522277832
0.16955971717834473
0.16493892669677734
0.19858670234680176
0.15924906730651855
0.2039318084716797
0.16367340087890625
0.21400022506713867
0.16642022132873535
0.1755070686340332
0.18441152572631836
0.17553973197937012
0.20555353164672852
0.16794419288635254
0.2024974822998047
0.16998958587646484
0.1597886085510254
0.19303584098815918
0.16509532928466797
0.1948838233947754
0.17804598808288574
0.20803356170654297
0.18621277809143066
0.1621866226196289
0.19910335540771484
0.16670989990234375
0.19205451011657715
0.16579389572143555
0.2010962963104248
0.1855626106262207
0.19953703880310059
0.18064522743225098
0.1591348648071289
0.20584964752197266
0.16579318046569824
0.2017204761505127
0.16075444221496582
0.20747709274291992
0.17036962509155273
0.1603710651397705
0.19843292236328125
0.16489720344543457
0.20211172103881836
0.16464900970458984
0.20740509033203125
0.16547179222106934
0.20803546905517578
0.1752791404724121
0.16411066055297852
0.20465302467346191
0.16153168678283691
0.20839643478393555
0.16162323951721191
0.21701478958129883
0.16567111015319824
0.21912646293640137
0.16249489784240723
0.22397756576538086
0.16428017616271973
0.17215776443481445
0.19417953491210938
0.165024995803833
0.2057044506072998
0.1699812412261963
0.20873284339904785
0.1676769256591797
0.21199488639831543
0.17962241172790527
0.1710526943206787
0.19598841667175293
0.17098760604858398
0.20052146911621094
0.17188549041748047
0.19944262504577637
0.17063283920288086
0.21426820755004883
0.1672976016998291
0.21964001655578613
0.1719810962677002
0.18053221702575684
0.1998603343963623
0.1784663200378418
0.20319914817810059
0.1743018627166748
0.20510172843933105
0.17900657653808594
0.20746994018554688
0.17553305625915527
0.202470064163208
0.17548656463623047
0.20280194282531738
0.1736741065979004
0.16557955741882324
0.20269536972045898
0.17373919486999512
0.20937561988830566
0.1767122745513916
0.2062208652496338
0.17493963241577148
0.20551443099975586
0.17475271224975586
0.21229243278503418
0.17926621437072754
0.21229290962219238
0.17347025871276855
0.16659331321716309
0.19586682319641113
0.1778726577758789
0.19830608367919922
0.16965484619140625
0.20142912864685059
0.1788017749786377
0.1933286190032959
0.18537306785583496
0.19645929336547852
0.17812633514404297
0.19801044464111328
0.17749977111816406
0.20374536514282227
0.18563485145568848
0.2027604579925537
0.18001961708068848
0.1664135456085205
0.20238852500915527
0.16440200805664062
0.19838571548461914
0.16977953910827637
0.20908212661743164
0.1709282398223877
0.2107100486755371
0.1798391342163086
0.2078688144683838
0.17554450035095215
0.2068023681640625
0.17162656784057617
0.20900821685791016
0.16520214080810547
0.20900201797485352
0.1699070930480957
0.21939635276794434
0.16829180717468262
0.21850371360778809
0.1681370735168457
0.2239842414855957
0.16851067543029785
0.22635173797607422
0.16772198677062988
0.17976808547973633
0.19572734832763672
0.1787405014038086
0.20073246955871582
0.17832159996032715
0.19530963897705078
0.17104697227478027
0.1945180892944336
0.1792919635772705
0.21135711669921875
0.18123912811279297
0.21006321907043457
0.17728662490844727
0.2023918628692627
0.17162036895751953
0.21189069747924805
0.17901921272277832
0.2054460048675537
0.17207717895507812
0.20988917350769043
0.17110323905944824
0.20543980598449707
0.18335390090942383
0.21109580993652344
0.1721055507659912
0.20432353019714355
0.17070436477661133
0.19931697845458984
0.17540526390075684
0.1954028606414795
0.17145156860351562
0.20395278930664062
0.17542695999145508
0.19436120986938477
0.18210673332214355
0.1985621452331543
0.18775081634521484
0.19512248039245605
0.1800246238708496
0.197953462600708
0.17247533798217773
0.19449377059936523
0.17124652862548828
0.19584035873413086
0.21997714042663574
0.17616510391235352
0.2222893238067627
0.1813194751739502
0.21955108642578125
0.17204546928405762
0.2182755470275879
0.17018342018127441
0.22052693367004395
0.17817234992980957
0.22712206840515137
0.18097925186157227
0.2187366485595703
0.17348790168762207
0.21832942962646484
0.17991185188293457
0.21385455131530762
0.17766594886779785
0.21308135986328125
0.18123078346252441
0.2135944366455078
0.18681836128234863
0.21195268630981445
0.17991423606872559
0.21251964569091797
0.18143820762634277
0.21274518966674805
0.18291020393371582
0.21555566787719727
0.18417835235595703
0.20996427536010742
0.18539690971374512
0.2156813144683838
0.17818593978881836
0.21075153350830078
0.17212748527526855
0.21071577072143555
0.1834430694580078
0.20770835876464844
0.17551374435424805
0.207230806350708
0.17139983177185059
0.20920777320861816
0.16922211647033691
0.21497893333435059
0.1714460849761963
0.2056717872619629
0.1702423095703125
0.20699763298034668
0.2132871150970459
0.17972826957702637
0.21425199508666992
0.18279314041137695
0.21246767044067383
0.18611979484558105
0.21190786361694336
0.18215489387512207
0.20591139793395996
0.17939162254333496
0.21398353576660156
0.17871785163879395
0.20954680442810059
0.1849522590637207
0.2051067352294922
0.19509530067443848
0.20524907112121582
0.18023920059204102
0.21366095542907715
0.23730778694152832
0.17559242248535156
0.23005223274230957
0.1746673583984375
0.22747564315795898
0.18267607688903809
0.22864723205566406
0.17617368698120117
0.22094345092773438
0.1744546890258789
0.21511554718017578
0.17868661880493164
0.22653794288635254
0.16869854927062988
0.21414709091186523
0.17067384719848633
0.2225954532623291
0.2171030044555664
0.19233369827270508
0.21972227096557617
0.1871471405029297
0.2103290557861328
0.18398571014404297
0.20800399780273438
0.18497109413146973
0.2030932903289795
0.19554829597473145
0.20119094848632812
0.2464308738708496
0.2036886215209961
0.22610259056091309
0.1828908920288086
0.22305941581726074
0.17665863037109375
0.23720288276672363
0.18301105499267578
0.22101974487304688
0.1750330924987793
0.21561074256896973
0.1784512996673584
0.21691322326660156
0.2165510654449463
0.18859505653381348
0.21255826950073242
0.18668842315673828
0.2091217041015625
0.18642926216125488
0.20821523666381836
0.19334077835083008
0.2049713134765625
0.18502259254455566
0.1988840103149414
0.2233564853668213
0.17756271362304688
0.22219514846801758
0.24051308631896973
0.32009363174438477
0.18725800514221191
0.22106099128723145
0.17089509963989258
0.22364234924316406
0.22816252708435059
0.18013405799865723
0.20987510681152344
0.18158435821533203
0.2171154022216797
0.18126773834228516
0.20945000648498535
0.17887258529663086
0.2101306915283203
0.22753000259399414
0.18651890754699707
0.21907973289489746
0.1827692985534668
0.2133619785308838
0.17802000045776367
0.21725726127624512
0.2235403060913086
0.18039894104003906
0.23209619522094727
0.18746066093444824
0.22218680381774902
0.17746591567993164
0.21524548530578613
0.19135761260986328
0.21004843711853027
0.22031092643737793
0.20531845092773438
0.2224581241607666
0.19489693641662598
0.22490477561950684
0.18139147758483887
0.21631669998168945
0.2241368293762207
0.18753957748413086
0.22710371017456055
0.18477320671081543
0.2178506851196289
0.17990636825561523
0.2141861915588379
0.22897863388061523
0.19388318061828613
0.21843457221984863
0.1915760040283203
0.219862699508667
0.18709444999694824
0.21899199485778809
0.2320880889892578
0.1904277801513672
0.22518062591552734
0.17987418174743652
0.2213420867919922
0.18701672554016113
0.20670795440673828
0.22760605812072754
0.18468141555786133
0.23701977729797363
0.17391467094421387
0.22616028785705566
0.17276859283447266
0.26164817810058594
0.2929878234863281
0.18639779090881348
0.2196974754333496
0.19236111640930176
0.2080988883972168
0.22675061225891113
0.19188880920410156
0.2241044044494629
0.18474745750427246
0.2167375087738037
0.18797826766967773
0.20960640907287598
0.22716045379638672
0.18203520774841309
0.2286522388458252
0.1901552677154541
0.22975587844848633
0.22592377662658691
0.18653631210327148
0.22411584854125977
0.1840367317199707
0.2205185890197754
0.18806028366088867
0.2203369140625
0.23952054977416992
0.19313716888427734
0.22858905792236328
0.18792033195495605
0.21378803253173828
0.23653721809387207
0.1838240623474121
0.23795151710510254
0.17984366416931152
0.21778178215026855
0.22877883911132812
0.2047872543334961
0.2240464687347412
0.2020096778869629
0.2193737030029297
0.2533137798309326
0.1913745403289795
0.23677372932434082
0.1891794204711914
0.22485756874084473
0.22239351272583008
0.19977521896362305
0.22912216186523438
0.19277620315551758
0.2187802791595459
0.22922420501708984
0.1896042823791504
0.22609496116638184
0.18491530418395996
0.22620582580566406
0.18511676788330078
0.2259068489074707
0.2333984375
0.1930229663848877
0.23116397857666016
0.22771430015563965
0.19332098960876465
0.23082828521728516
0.19134831428527832
0.21556568145751953
0.23871517181396484
0.19403457641601562
0.23165440559387207
0.18939709663391113
0.23109173774719238
0.23610401153564453
0.19472432136535645
0.23757457733154297
0.19157624244689941
0.23588824272155762
0.23424339294433594
0.20508289337158203
0.2225189208984375
0.1828906536102295
0.20886969566345215
0.23621821403503418
0.1906578540802002
0.2283802032470703
0.17665338516235352
0.22564101219177246
0.2295513153076172
0.1900627613067627
0.21652579307556152
0.2456820011138916
0.20073795318603516
0.23421835899353027
0.187546968460083
0.22418737411499023
0.23799514770507812
0.19049668312072754
0.23319411277770996
0.24230241775512695
0.19812941551208496
0.23355770111083984
0.19237112998962402
0.23063945770263672
0.2261672019958496
0.1908409595489502
0.22135543823242188
0.1894242763519287
0.21065402030944824
0.23450851440429688
0.18569254875183105
0.22933387756347656
0.22681593894958496
0.2075185775756836
0.21917486190795898
0.19802546501159668
0.20936822891235352
0.23331928253173828
0.1815199851989746
0.22516393661499023
0.23531174659729004
0.19811058044433594
0.22495603561401367
0.1969285011291504
0.22344350814819336
0.23790454864501953
0.19823789596557617
0.22621917724609375
0.2371985912322998
0.1918797492980957
0.23264098167419434
0.23557782173156738
0.19850540161132812
0.2308204174041748
0.19386625289916992
0.22877216339111328
0.23489856719970703
0.19744229316711426
0.22297096252441406
0.24515628814697266
0.1956634521484375
0.22930669784545898
0.2277965545654297
0.20068717002868652
0.2343287467956543
0.19172215461730957
0.21835041046142578
0.23037505149841309
0.20105624198913574
0.2274012565612793
0.24629592895507812
0.19835853576660156
0.23455071449279785
0.24877715110778809
0.19829797744750977
0.24508166313171387
0.1913745403289795
0.23627138137817383
0.22962355613708496
0.19475769996643066
0.21302366256713867
0.2486410140991211
0.1811373233795166
0.23767542839050293
0.23990678787231445
0.20091915130615234
0.23324012756347656
0.2447657585144043
0.20513153076171875
0.23597359657287598
0.20492911338806152
0.2174668312072754
0.23423504829406738
0.18616843223571777
0.22332191467285156
0.24294638633728027
0.19060564041137695
0.22752070426940918
0.23731780052185059
0.20138907432556152
0.218522310256958
0.24073123931884766
0.18914198875427246
0.23764657974243164
0.22725582122802734
0.2026958465576172
0.22192978858947754
0.2539339065551758
0.19043231010437012
0.2276463508605957
0.2423267364501953
0.20122432708740234
0.23714685440063477
0.24843883514404297
1.0619406700134277
0.2843296527862549
0.31643080711364746
0.24518942832946777
0.25089097023010254
0.2093667984008789
0.23297905921936035
0.25185298919677734
0.2423839569091797
0.22348904609680176
0.24354839324951172
0.19328951835632324
0.24687671661376953
0.3051595687866211
0.187971830368042
0.2314317226409912
0.23497772216796875
0.20590424537658691
0.2323451042175293
0.24321913719177246
0.18939614295959473
0.23749184608459473
0.22877240180969238
0.19175291061401367
0.22385072708129883
0.22989988327026367
0.19433021545410156
0.2239987850189209
0.24802875518798828
0.20146679878234863
0.23342156410217285
0.2494971752166748
0.1878061294555664
0.22742533683776855
0.23189234733581543
0.2600686550140381
0.18993520736694336
0.24561309814453125
0.23749446868896484
0.24102425575256348
0.23472094535827637
0.24839186668395996
0.1991283893585205
0.23131299018859863
0.25296592712402344
0.19629812240600586
0.2381119728088379
0.25203871726989746
0.19753551483154297
0.24235916137695312
0.23488783836364746
0.2034132480621338
0.23332977294921875
0.26384496688842773
0.20224881172180176
0.23004484176635742
0.24689149856567383
0.2033219337463379
0.23598098754882812
0.2533760070800781
0.21999669075012207
0.23181891441345215
0.23537898063659668
0.19897103309631348
0.2219996452331543
0.2520408630371094
0.18621277809143066
0.23418307304382324
0.23860812187194824
0.25353050231933594
0.19321894645690918
0.23818039894104004
0.2523469924926758
0.19665145874023438
0.29050326347351074
0.286726713180542
0.22833657264709473
0.2853410243988037
0.2565796375274658
0.21828579902648926
0.23883366584777832
0.2700676918029785
0.20047831535339355
0.2321162223815918
0.2629079818725586
0.20801901817321777
0.2231287956237793
0.2377026081085205
0.24124789237976074
0.20953011512756348
0.22839021682739258
0.24702668190002441
0.19234013557434082
0.23689961433410645
0.23725438117980957
0.19957709312438965
0.2192230224609375
0.2471017837524414
0.24463915824890137
0.19548392295837402
0.24757599830627441
0.23914337158203125
0.19977116584777832
0.22841858863830566
0.24683260917663574
0.19691872596740723
0.2417774200439453
0.25379300117492676
0.2391214370727539
0.2093217372894287
0.23051714897155762
0.25368738174438477
0.1893939971923828
0.23051214218139648
0.2384631633758545
0.21039843559265137
0.23558878898620605
0.23672175407409668
0.24724340438842773
0.19586706161499023
0.24222660064697266
0.25030994415283203
0.21587157249450684
0.24820780754089355
0.23307180404663086
0.25472497940063477
0.2117311954498291
0.25305795669555664
0.25759339332580566
0.19965147972106934
0.24546504020690918
0.24693560600280762
0.2132887840270996
0.23499584197998047
0.23953866958618164
0.2661151885986328
0.2023470401763916
0.24016904830932617
0.24390077590942383
0.20150089263916016
0.23691749572753906
0.24739980697631836
0.2501218318939209
0.19918489456176758
0.2501249313354492
0.243438720703125
0.2513570785522461
0.20370078086853027
0.23003482818603516
0.24848484992980957
0.1983203887939453
0.276808500289917
0.23989176750183105
0.2823319435119629
0.2363739013671875
0.2686595916748047
0.25615978240966797
0.2059650421142578
0.2366466522216797
0.25839853286743164
0.2590444087982178
0.1962738037109375
0.24366021156311035
0.23815035820007324
0.21032309532165527
0.2433767318725586
0.2573201656341553
0.2516977787017822
0.2118847370147705
0.25171470642089844
0.23402953147888184
0.2536017894744873
0.19408535957336426
0.2666332721710205
0.24465036392211914
0.19548988342285156
0.24636554718017578
0.2460923194885254
0.27025389671325684
0.20868229866027832
0.2294020652770996
0.25779151916503906
0.2605292797088623
0.21715092658996582
0.23304438591003418
0.37422871589660645
0.2140953540802002
0.26804351806640625
0.2318422794342041
0.24172163009643555
0.1971123218536377
0.24168014526367188
0.2597484588623047
0.2658236026763916
0.2109208106994629
0.22920465469360352
0.24336624145507812
0.263688325881958
0.19699478149414062
0.24807500839233398
0.236403226852417
0.26331090927124023
0.21632814407348633
0.23029065132141113
0.2506587505340576
0.24934983253479004
0.21934151649475098
0.24247956275939941
0.2475886344909668
0.20476984977722168
0.24077057838439941
0.2568519115447998
0.26137828826904297
0.20472168922424316
0.2574899196624756
0.24622201919555664
0.26456499099731445
0.20951342582702637
0.25106310844421387
0.2458665370941162
0.2615511417388916
0.2185070514678955
0.24120473861694336
0.2423710823059082
0.2679619789123535
0.20685982704162598
0.24605059623718262
0.24388766288757324
0.2900066375732422
0.23300504684448242
0.24790096282958984
0.25002360343933105
0.27582263946533203
0.21161937713623047
0.25887322425842285
0.24526476860046387
0.3227841854095459
0.2127366065979004
0.2350020408630371
0.24858450889587402
0.24984407424926758
0.19879961013793945
0.24157428741455078
0.23816323280334473
0.2569763660430908
0.245743989944458
0.2216205596923828
0.24579715728759766
0.25167274475097656
0.2589271068572998
0.20749545097351074
0.24491167068481445
0.24547410011291504
0.25185632705688477
0.20699453353881836
0.2529714107513428
0.26075172424316406
0.24712634086608887
0.20675110816955566
0.24561190605163574
0.24651718139648438
0.25708937644958496
0.20641255378723145
0.24537134170532227
0.24717473983764648
0.25541186332702637
0.2123258113861084
0.2265462875366211
0.24477434158325195
0.24965143203735352
0.2551889419555664
0.20292305946350098
0.2380828857421875
0.25084853172302246
0.256925106048584
0.19793105125427246
0.24348688125610352
0.23596644401550293
0.26044154167175293
0.19920587539672852
0.24309587478637695
0.2573845386505127
0.25101399421691895
0.26513099670410156
0.20271778106689453
0.24795866012573242
0.25574398040771484
0.25342774391174316
0.21147370338439941
0.22890806198120117
0.2550034523010254
0.2696797847747803
0.20418405532836914
0.24361705780029297
0.24376535415649414
0.2493879795074463
0.2651505470275879
0.20638298988342285
0.2516765594482422
0.23881959915161133
0.25641441345214844
0.2651658058166504
0.2075977325439453
0.24753928184509277
0.25679659843444824
0.2611823081970215
0.2155437469482422
0.2379164695739746
0.25371599197387695
0.24615979194641113
0.26442503929138184
0.2044212818145752
0.24620962142944336
0.26049327850341797
0.25598931312561035
0.2121896743774414
0.24441146850585938
0.2387239933013916
0.2563133239746094
0.2516956329345703
0.2070603370666504
0.2376384735107422
0.24211382865905762
0.25663089752197266
0.2649047374725342
0.20409154891967773
0.24311351776123047
0.25176429748535156
0.2710425853729248
0.20732879638671875
0.24727869033813477
0.2480316162109375
0.24769210815429688
0.26436758041381836
0.2061450481414795
0.2419881820678711
0.2485647201538086
0.2503812313079834
0.2617757320404053
0.19826292991638184
0.25222015380859375
0.24980974197387695
0.25272345542907715
0.26421093940734863
0.2062525749206543
0.2543931007385254
0.25820422172546387
0.24784040451049805
0.2636535167694092
0.2029125690460205
0.2581965923309326
0.24635934829711914
0.2508888244628906
0.401120662689209
0.212813138961792
0.23463225364685059
0.25730156898498535
0.24665260314941406
0.27315688133239746
0.21381044387817383
0.23617935180664062
0.2506225109100342
0.2612888813018799
0.2725963592529297
0.22343134880065918
0.24620556831359863
0.25417447090148926
0.2436985969543457
0.265533447265625
0.20480990409851074
0.23531699180603027
0.24779009819030762
0.24797344207763672
0.26001858711242676
0.2664668560028076
0.20939397811889648
0.25079870223999023
0.24429583549499512
0.26789283752441406
0.2649545669555664
0.21060872077941895
0.24640750885009766
0.25164294242858887
0.2529945373535156
0.26668715476989746
0.20221471786499023
0.2541923522949219
0.2379610538482666
0.2545654773712158
0.2569713592529297
0.2655506134033203
0.22640323638916016
0.24258637428283691
0.2573864459991455
0.2708296775817871
0.27198195457458496
0.20981049537658691
0.24859213829040527
0.2615687847137451
0.2739696502685547
0.27132701873779297
0.2755706310272217
0.2201688289642334
0.23538613319396973
0.26906323432922363
0.25528740882873535
0.2584712505340576
0.2218616008758545
0.24103188514709473
0.2378370761871338
0.256838321685791
0.24704384803771973
0.26787662506103516
0.20932459831237793
0.24314069747924805
0.25697922706604004
0.2513868808746338
0.2639038562774658
0.2672395706176758
0.2062985897064209
0.26764917373657227
0.2410109043121338
0.2671334743499756
0.25686216354370117
0.26474547386169434
0.2455599308013916
0.2459862232208252
0.24175357818603516
0.2762608528137207
0.2546570301055908
0.261915922164917
0.21248245239257812
0.24313831329345703
0.2560279369354248
0.25544261932373047
0.2615668773651123
0.2739405632019043
0.2097780704498291
0.25571203231811523
0.24657297134399414
0.25620317459106445
0.26514530181884766
0.26175546646118164
0.20494437217712402
0.24788665771484375
0.25457334518432617
0.26879167556762695
0.26044273376464844
0.2604405879974365
0.22298002243041992
0.24346160888671875
0.2601616382598877
0.25890350341796875
0.25742459297180176
0.28414130210876465
0.2108466625213623
0.24592852592468262
0.2501997947692871
0.24918270111083984
0.2616391181945801
0.26797962188720703
0.27411603927612305
0.24136638641357422
0.24406838417053223
0.2491283416748047
0.26818108558654785
0.2695600986480713
0.25636768341064453
0.22281289100646973
0.24000120162963867
0.2670567035675049
0.2663600444793701
0.25904345512390137
0.2681148052215576
0.26828598976135254
0.20629382133483887
0.2550852298736572
0.24468708038330078
0.25777721405029297
0.2556600570678711
0.26763296127319336
0.28313207626342773
0.22212457656860352
0.24846625328063965
0.266726016998291
0.2486860752105713
0.2638700008392334
0.27349400520324707
0.2835721969604492
0.21006059646606445
0.2723691463470459
0.2694096565246582
0.3202962875366211
0.28782105445861816
0.5422732830047607
0.3000214099884033
0.2702450752258301
0.33353304862976074
0.30782198905944824
0.2679879665374756
0.2862272262573242
0.3928873538970947
0.29271697998046875
0.2158510684967041
0.2691066265106201
0.25733065605163574
0.26039552688598633
0.2664833068847656
0.2757718563079834
0.2681543827056885
0.2337205410003662
0.25124192237854004
0.2879302501678467
0.26288509368896484
0.2651102542877197
0.2594106197357178
0.2824254035949707
0.26885557174682617
0.2264399528503418
0.26427769660949707
0.27342748641967773
0.2695767879486084
0.28290486335754395
0.26969408988952637
0.2949991226196289
0.3142552375793457
0.26760411262512207
0.2609677314758301
0.2828943729400635
0.26439523696899414
0.27644801139831543
0.2729625701904297
0.3097054958343506
0.23140192031860352
0.27945780754089355
0.2558784484863281
0.27042245864868164
0.28606438636779785
0.2785980701446533
0.27580904960632324
0.2953066825866699
0.22116827964782715
0.26163434982299805
0.2695291042327881
0.2713184356689453
0.3757164478302002
0.2914917469024658
0.2819952964782715
0.27747464179992676
0.29032158851623535
0.25333547592163086
0.26407456398010254
0.28131866455078125
0.26758742332458496
0.27985525131225586
0.27289247512817383
0.28687453269958496
0.294281005859375
0.22637128829956055
0.2691819667816162
0.2736701965332031
0.26119184494018555
0.27616310119628906
0.2670443058013916
0.2726020812988281
0.29320359230041504
0.28879761695861816
0.27554774284362793
0.2534754276275635
0.2784554958343506
0.26750683784484863
0.27469635009765625
0.28165698051452637
0.26259636878967285
0.29271960258483887
0.2843625545501709
0.2806973457336426
0.23012518882751465
0.27428197860717773
0.2586548328399658
0.29113197326660156
0.26393580436706543
0.28170108795166016
0.28653955459594727
0.29075193405151367
0.273831844329834
0.24170470237731934
0.2880840301513672
0.2655820846557617
0.27527952194213867
0.2836945056915283
0.2721221446990967
0.29683566093444824
0.298961877822876
0.3025689125061035
0.2764604091644287
0.23084187507629395
0.26924681663513184
0.26809096336364746
0.2718043327331543
0.2753753662109375
0.2614772319793701
0.30205631256103516
0.28026318550109863
0.28186464309692383
0.29854297637939453
0.2974400520324707
0.22190523147583008
0.27765440940856934
0.26547789573669434
0.2843017578125
0.28089046478271484
0.28890228271484375
0.2738516330718994
0.2864842414855957
0.28453564643859863
0.28965044021606445
0.23611855506896973
0.2704355716705322
0.2597920894622803
0.2781527042388916
0.27863478660583496
0.28455352783203125
0.2684051990509033
0.28391551971435547
0.28499770164489746
0.28453588485717773
0.27952003479003906
0.3042182922363281
0.23018407821655273
0.2731966972351074
0.27147746086120605
0.279217004776001
0.2618248462677002
0.28943514823913574
0.2616446018218994
0.2774653434753418
0.27986884117126465
0.2918720245361328
0.3005635738372803
0.29682230949401855
0.22211360931396484
0.2855947017669678
0.28710150718688965
0.27527737617492676
0.2660512924194336
0.2821938991546631
0.28445982933044434
0.29843878746032715
0.2839968204498291
0.29460835456848145
0.2818284034729004
0.29101014137268066
0.28998231887817383
0.2406177520751953
0.25403451919555664
0.2795281410217285
0.27127742767333984
0.28066205978393555
0.2776029109954834
0.29004669189453125
0.2667579650878906
0.3040812015533447
0.27864694595336914
0.2836916446685791
0.2979855537414551
0.2961270809173584
0.29021239280700684
0.25231003761291504
0.2794637680053711
0.27233004570007324
0.2612431049346924
0.27524685859680176
0.2674412727355957
0.2611691951751709
0.27991819381713867
0.266587495803833
0.27455830574035645
0.2834506034851074
0.2874760627746582
0.28430938720703125
0.2865726947784424
0.2955589294433594
0.22204017639160156
0.2676076889038086
0.26833510398864746
0.25701141357421875
0.2665410041809082
0.27027225494384766
0.26377153396606445
0.27965569496154785
0.28102636337280273
0.2718808650970459
0.28763341903686523
0.2792551517486572
0.2744431495666504
0.2936406135559082
0.28920865058898926
0.27634096145629883
0.29363012313842773
0.295421838760376
0.2211909294128418
0.27199530601501465
0.278592586517334
0.26662492752075195
0.26935887336730957
0.2768728733062744
0.270125150680542
0.28488898277282715
0.2760641574859619
0.27042651176452637
0.27635669708251953
0.29201793670654297
0.27718257904052734
0.2898428440093994
0.28821849822998047
0.2840571403503418
0.2819857597351074
0.301037073135376
0.28398871421813965
0.22237110137939453
0.2689344882965088
0.2610039710998535
0.2756459712982178
0.27828025817871094
0.26241302490234375
0.269148588180542
0.2839779853820801
0.27324867248535156
0.271282434463501
0.28063488006591797
0.27422022819519043
0.3147866725921631
0.3443324565887451
0.2777116298675537
0.2761399745941162
0.2787013053894043
0.28769993782043457
0.2917153835296631
0.27887916564941406
0.3048079013824463
0.2946932315826416
0.2800753116607666
0.2997324466705322
0.3163630962371826
0.26481008529663086
0.2899014949798584
0.29239940643310547
0.27479982376098633
0.26726388931274414
0.2735416889190674
0.2680344581604004
0.267108678817749
0.2711374759674072
0.2652554512023926
0.29097819328308105
0.2914087772369385
0.2909567356109619
0.2799360752105713
0.2769622802734375
0.28512072563171387
0.2874922752380371
0.28579187393188477
0.28583264350891113
0.27532386779785156
0.289020299911499
0.29517269134521484
0.3438901901245117
0.2828638553619385
0.30028867721557617
0.29713940620422363
0.2854335308074951
0.2867922782897949
0.2986767292022705
0.29609203338623047
0.2254638671875
0.27353930473327637
0.266085147857666
0.2633519172668457
0.2712676525115967
0.2666590213775635
0.26800990104675293
0.2755129337310791
0.271726131439209
0.2760629653930664
0.27475643157958984
0.26142144203186035
0.27105188369750977
0.27170491218566895
0.2685120105743408
0.28113484382629395
0.27568936347961426
0.27726054191589355
0.2756009101867676
0.2730684280395508
0.26720333099365234
0.2733452320098877
0.27633213996887207
0.27419614791870117
0.2660257816314697
0.28189849853515625
0.28446459770202637
0.26912736892700195
0.2699856758117676
0.264556884765625
0.27688097953796387
0.2728137969970703
0.26909637451171875
0.27620553970336914
0.273073673248291
0.27333712577819824
0.26891016960144043
0.27538418769836426
0.2718775272369385
0.2640385627746582
0.27460598945617676
0.2660975456237793
0.2773094177246094
0.28293418884277344
0.2775297164916992
0.2689228057861328
0.2805795669555664
0.3414571285247803
0.22823643684387207
0.2733743190765381
0.2768890857696533
0.27107977867126465
0.286226749420166
0.2770392894744873
0.2630307674407959
0.2740755081176758
0.33617663383483887
0.23015093803405762
0.26799798011779785
0.2801778316497803
0.26337265968322754
0.26340818405151367
0.27763962745666504
0.26239466667175293
0.32344675064086914
0.24300909042358398
0.27664875984191895
0.2686474323272705
0.275634765625
0.2668297290802002
0.27010154724121094
0.3424837589263916
0.23998737335205078
0.2685551643371582
0.349498987197876
0.2773408889770508
0.33751678466796875
0.23302507400512695
0.2757568359375
0.27361035346984863
0.28241848945617676
0.3462996482849121
0.2541210651397705
0.2685883045196533
0.27957820892333984
0.2839188575744629
0.3351466655731201
0.25505948066711426
0.2985727787017822
0.3004639148712158
0.32647228240966797
0.23813676834106445
0.292572021484375
0.3318290710449219
0.2313823699951172
0.2753734588623047
0.2659451961517334
0.3358311653137207
0.2551534175872803
0.3604884147644043
0.2681434154510498
0.3396732807159424
0.24374818801879883
0.2690541744232178
0.2845485210418701
0.34293532371520996
